# interpolation 
# x linterp qspline cspline
0 1 1 1
0.001 0.999827 1.00054 0.999999
0.002 0.999654 1.00108 0.999994
0.003 0.999482 1.00162 0.999987
0.004 0.999309 1.00215 0.999976
0.005 0.999136 1.00268 0.999963
0.006 0.998963 1.0032 0.999947
0.007 0.998791 1.00372 0.999928
0.008 0.998618 1.00424 0.999906
0.009 0.998445 1.00475 0.999882
0.01 0.998272 1.00526 0.999854
0.011 0.9981 1.00576 0.999824
0.012 0.997927 1.00626 0.999791
0.013 0.997754 1.00675 0.999755
0.014 0.997581 1.00724 0.999717
0.015 0.997408 1.00773 0.999675
0.016 0.997236 1.00821 0.999631
0.017 0.997063 1.00869 0.999585
0.018 0.99689 1.00916 0.999535
0.019 0.996717 1.00963 0.999483
0.02 0.996545 1.0101 0.999429
0.021 0.996372 1.01056 0.999371
0.022 0.996199 1.01102 0.999312
0.023 0.996026 1.01147 0.999249
0.024 0.995854 1.01192 0.999184
0.025 0.995681 1.01237 0.999116
0.026 0.995508 1.01281 0.999046
0.027 0.995335 1.01325 0.998973
0.028 0.995162 1.01368 0.998898
0.029 0.99499 1.01411 0.99882
0.03 0.994817 1.01453 0.99874
0.031 0.994644 1.01495 0.998658
0.032 0.994471 1.01537 0.998572
0.033 0.994299 1.01578 0.998485
0.034 0.994126 1.01619 0.998395
0.035 0.993953 1.01659 0.998303
0.036 0.99378 1.01699 0.998208
0.037 0.993608 1.01739 0.998111
0.038 0.993435 1.01778 0.998012
0.039 0.993262 1.01817 0.99791
0.04 0.993089 1.01855 0.997806
0.041 0.992917 1.01893 0.997699
0.042 0.992744 1.01931 0.997591
0.043 0.992571 1.01968 0.99748
0.044 0.992398 1.02005 0.997367
0.045 0.992225 1.02041 0.997252
0.046 0.992053 1.02077 0.997134
0.047 0.99188 1.02112 0.997014
0.048 0.991707 1.02147 0.996893
0.049 0.991534 1.02182 0.996769
0.05 0.991362 1.02216 0.996642
0.051 0.991189 1.0225 0.996514
0.052 0.991016 1.02283 0.996384
0.053 0.990843 1.02316 0.996251
0.054 0.990671 1.02349 0.996117
0.055 0.990498 1.02381 0.99598
0.056 0.990325 1.02413 0.995842
0.057 0.990152 1.02444 0.995701
0.058 0.989979 1.02475 0.995558
0.059 0.989807 1.02506 0.995414
0.06 0.989634 1.02536 0.995267
0.061 0.989461 1.02565 0.995119
0.062 0.989288 1.02595 0.994968
0.063 0.989116 1.02624 0.994816
0.064 0.988943 1.02652 0.994662
0.065 0.98877 1.0268 0.994505
0.066 0.988597 1.02708 0.994347
0.067 0.988425 1.02735 0.994188
0.068 0.988252 1.02762 0.994026
0.069 0.988079 1.02788 0.993862
0.07 0.987906 1.02814 0.993697
0.071 0.987733 1.0284 0.99353
0.072 0.987561 1.02865 0.993361
0.073 0.987388 1.0289 0.993191
0.074 0.987215 1.02914 0.993018
0.075 0.987042 1.02938 0.992844
0.076 0.98687 1.02961 0.992668
0.077 0.986697 1.02985 0.992491
0.078 0.986524 1.03007 0.992312
0.079 0.986351 1.0303 0.992131
0.08 0.986179 1.03051 0.991949
0.081 0.986006 1.03073 0.991765
0.082 0.985833 1.03094 0.99158
0.083 0.98566 1.03115 0.991392
0.084 0.985487 1.03135 0.991204
0.085 0.985315 1.03155 0.991014
0.086 0.985142 1.03174 0.990822
0.087 0.984969 1.03193 0.990629
0.088 0.984796 1.03212 0.990434
0.089 0.984624 1.0323 0.990238
0.09 0.984451 1.03247 0.99004
0.091 0.984278 1.03265 0.989841
0.092 0.984105 1.03282 0.989641
0.093 0.983933 1.03298 0.989439
0.094 0.98376 1.03314 0.989235
0.095 0.983587 1.0333 0.989031
0.096 0.983414 1.03345 0.988825
0.097 0.983242 1.0336 0.988617
0.098 0.983069 1.03375 0.988409
0.099 0.982896 1.03389 0.988199
0.1 0.982723 1.03402 0.987988
0.101 0.98255 1.03416 0.987775
0.102 0.982378 1.03428 0.987561
0.103 0.982205 1.03441 0.987346
0.104 0.982032 1.03453 0.98713
0.105 0.981859 1.03464 0.986913
0.106 0.981687 1.03475 0.986694
0.107 0.981514 1.03486 0.986474
0.108 0.981341 1.03497 0.986253
0.109 0.981168 1.03506 0.986031
0.11 0.980996 1.03516 0.985808
0.111 0.980823 1.03525 0.985584
0.112 0.98065 1.03534 0.985358
0.113 0.980477 1.03542 0.985132
0.114 0.980304 1.0355 0.984905
0.115 0.980132 1.03557 0.984676
0.116 0.979959 1.03564 0.984447
0.117 0.979786 1.03571 0.984216
0.118 0.979613 1.03577 0.983985
0.119 0.979441 1.03583 0.983752
0.12 0.979268 1.03588 0.983519
0.121 0.979095 1.03593 0.983284
0.122 0.978922 1.03598 0.983049
0.123 0.97875 1.03602 0.982813
0.124 0.978577 1.03606 0.982576
0.125 0.978404 1.03609 0.982338
0.126 0.978231 1.03612 0.9821
0.127 0.978058 1.03615 0.98186
0.128 0.977886 1.03617 0.98162
0.129 0.977713 1.03618 0.981379
0.13 0.97754 1.0362 0.981137
0.131 0.977367 1.03621 0.980894
0.132 0.977195 1.03621 0.980651
0.133 0.977022 1.03621 0.980406
0.134 0.976849 1.03621 0.980162
0.135 0.976676 1.0362 0.979916
0.136 0.976504 1.03619 0.97967
0.137 0.976331 1.03617 0.979423
0.138 0.976158 1.03615 0.979176
0.139 0.975985 1.03613 0.978928
0.14 0.975812 1.0361 0.978679
0.141 0.97564 1.03607 0.97843
0.142 0.975467 1.03603 0.97818
0.143 0.975294 1.03599 0.977929
0.144 0.975121 1.03594 0.977678
0.145 0.974949 1.03589 0.977427
0.146 0.974776 1.03584 0.977175
0.147 0.974603 1.03578 0.976922
0.148 0.97443 1.03572 0.976669
0.149 0.974258 1.03566 0.976416
0.15 0.974085 1.03559 0.976162
0.151 0.973912 1.03551 0.975908
0.152 0.973739 1.03544 0.975653
0.153 0.973567 1.03535 0.975398
0.154 0.973394 1.03527 0.975143
0.155 0.973221 1.03518 0.974887
0.156 0.973048 1.03508 0.974631
0.157 0.972875 1.03498 0.974375
0.158 0.972703 1.03488 0.974118
0.159 0.97253 1.03477 0.973861
0.16 0.972357 1.03466 0.973604
0.161 0.972184 1.03455 0.973346
0.162 0.972012 1.03443 0.973089
0.163 0.971839 1.03431 0.972831
0.164 0.971666 1.03418 0.972573
0.165 0.971493 1.03405 0.972314
0.166 0.971321 1.03391 0.972056
0.167 0.971148 1.03377 0.971797
0.168 0.970975 1.03363 0.971539
0.169 0.970802 1.03348 0.97128
0.17 0.970629 1.03333 0.971021
0.171 0.970457 1.03317 0.970762
0.172 0.970284 1.03301 0.970503
0.173 0.970111 1.03285 0.970244
0.174 0.969938 1.03268 0.969984
0.175 0.969766 1.03251 0.969725
0.176 0.969593 1.03233 0.969466
0.177 0.96942 1.03215 0.969207
0.178 0.969247 1.03196 0.968948
0.179 0.969075 1.03178 0.968689
0.18 0.968902 1.03158 0.96843
0.181 0.968729 1.03138 0.968171
0.182 0.968556 1.03118 0.967912
0.183 0.968383 1.03098 0.967654
0.184 0.968211 1.03077 0.967395
0.185 0.968038 1.03055 0.967137
0.186 0.967865 1.03034 0.966879
0.187 0.967692 1.03011 0.966621
0.188 0.96752 1.02989 0.966363
0.189 0.967347 1.02966 0.966106
0.19 0.967174 1.02942 0.965848
0.191 0.967001 1.02918 0.965591
0.192 0.966829 1.02894 0.965335
0.193 0.966656 1.0287 0.965078
0.194 0.966483 1.02844 0.964822
0.195 0.96631 1.02819 0.964567
0.196 0.966137 1.02793 0.964311
0.197 0.965965 1.02767 0.964056
0.198 0.965792 1.0274 0.963801
0.199 0.965619 1.02713 0.963547
0.2 0.965446 1.02685 0.963293
0.201 0.965274 1.02657 0.96304
0.202 0.965101 1.02629 0.962787
0.203 0.964928 1.026 0.962534
0.204 0.964755 1.02571 0.962282
0.205 0.964583 1.02541 0.962031
0.206 0.96441 1.02511 0.96178
0.207 0.964237 1.02481 0.961529
0.208 0.964064 1.0245 0.96128
0.209 0.963892 1.02419 0.96103
0.21 0.963719 1.02387 0.960781
0.211 0.963546 1.02355 0.960533
0.212 0.963373 1.02322 0.960286
0.213 0.9632 1.02289 0.960039
0.214 0.963028 1.02256 0.959793
0.215 0.962855 1.02222 0.959547
0.216 0.962682 1.02188 0.959302
0.217 0.962509 1.02154 0.959058
0.218 0.962337 1.02119 0.958815
0.219 0.962164 1.02083 0.958572
0.22 0.961991 1.02048 0.95833
0.221 0.961818 1.02011 0.958089
0.222 0.961646 1.01975 0.957848
0.223 0.961473 1.01938 0.957609
0.224 0.9613 1.019 0.95737
0.225 0.961127 1.01862 0.957132
0.226 0.960954 1.01824 0.956895
0.227 0.960782 1.01785 0.956659
0.228 0.960609 1.01746 0.956424
0.229 0.960436 1.01707 0.956189
0.23 0.960263 1.01667 0.955956
0.231 0.960091 1.01627 0.955723
0.232 0.959918 1.01586 0.955492
0.233 0.959745 1.01545 0.955261
0.234 0.959572 1.01503 0.955032
0.235 0.9594 1.01461 0.954803
0.236 0.959227 1.01419 0.954576
0.237 0.959054 1.01376 0.954349
0.238 0.958881 1.01333 0.954124
0.239 0.958708 1.01289 0.953899
0.24 0.958536 1.01245 0.953676
0.241 0.958363 1.01201 0.953454
0.242 0.95819 1.01156 0.953233
0.243 0.958017 1.0111 0.953013
0.244 0.957845 1.01065 0.952794
0.245 0.957672 1.01019 0.952577
0.246 0.957499 1.00972 0.952361
0.247 0.957326 1.00925 0.952146
0.248 0.957154 1.00878 0.951932
0.249 0.956981 1.0083 0.951719
0.25 0.956808 1.00782 0.951508
0.251 0.956635 1.00733 0.951298
0.252 0.956462 1.00684 0.951089
0.253 0.95629 1.00635 0.950881
0.254 0.956117 1.00585 0.950675
0.255 0.955944 1.00535 0.950471
0.256 0.955771 1.00484 0.950267
0.257 0.955599 1.00433 0.950065
0.258 0.955426 1.00382 0.949865
0.259 0.955253 1.0033 0.949666
0.26 0.95508 1.00278 0.949468
0.261 0.954908 1.00225 0.949271
0.262 0.954735 1.00172 0.949077
0.263 0.954562 1.00118 0.948883
0.264 0.954389 1.00064 0.948692
0.265 0.954217 1.0001 0.948501
0.266 0.954044 0.999554 0.948313
0.267 0.953871 0.999002 0.948125
0.268 0.953698 0.998446 0.94794
0.269 0.953525 0.997887 0.947756
0.27 0.953353 0.997323 0.947573
0.271 0.95318 0.996755 0.947392
0.272 0.953007 0.996182 0.947213
0.273 0.952834 0.995606 0.947036
0.274 0.952662 0.995026 0.94686
0.275 0.952489 0.994441 0.946686
0.276 0.952316 0.993852 0.946513
0.277 0.952143 0.993259 0.946343
0.278 0.951971 0.992663 0.946174
0.279 0.951798 0.992061 0.946007
0.28 0.951625 0.991456 0.945841
0.281 0.951452 0.990847 0.945678
0.282 0.951279 0.990234 0.945516
0.283 0.951107 0.989616 0.945356
0.284 0.950934 0.988994 0.945198
0.285 0.950761 0.988369 0.945041
0.286 0.950588 0.987739 0.944887
0.287 0.950416 0.987105 0.944734
0.288 0.950243 0.986467 0.944584
0.289 0.95007 0.985824 0.944435
0.29 0.949897 0.985178 0.944288
0.291 0.949725 0.984528 0.944144
0.292 0.949552 0.983873 0.944001
0.293 0.949379 0.983214 0.94386
0.294 0.949206 0.982551 0.943721
0.295 0.949033 0.981884 0.943585
0.296 0.948861 0.981213 0.94345
0.297 0.948688 0.980538 0.943318
0.298 0.948515 0.979859 0.943187
0.299 0.948342 0.979175 0.943059
0.3 0.94817 0.978488 0.942932
0.301 0.947997 0.977796 0.942808
0.302 0.947824 0.9771 0.942686
0.303 0.947651 0.9764 0.942566
0.304 0.947479 0.975696 0.942449
0.305 0.947306 0.974988 0.942333
0.306 0.947133 0.974276 0.94222
0.307 0.94696 0.97356 0.942109
0.308 0.946787 0.972839 0.942
0.309 0.946615 0.972114 0.941894
0.31 0.946442 0.971386 0.94179
0.311 0.946269 0.970653 0.941688
0.312 0.946096 0.969916 0.941588
0.313 0.945924 0.969175 0.941491
0.314 0.945751 0.96843 0.941396
0.315 0.945578 0.96768 0.941304
0.316 0.945405 0.966927 0.941214
0.317 0.945233 0.966169 0.941126
0.318 0.94506 0.965407 0.941041
0.319 0.944887 0.964642 0.940958
0.32 0.944714 0.963872 0.940877
0.321 0.944541 0.963098 0.9408
0.322 0.944369 0.962319 0.940724
0.323 0.944196 0.961537 0.940651
0.324 0.944023 0.960751 0.940581
0.325 0.94385 0.95996 0.940513
0.326 0.943678 0.959165 0.940448
0.327 0.943505 0.958367 0.940385
0.328 0.943332 0.957564 0.940325
0.329 0.943159 0.956757 0.940268
0.33 0.942987 0.955946 0.940213
0.331 0.942814 0.95513 0.940161
0.332 0.942641 0.954311 0.940111
0.333 0.942468 0.953488 0.940064
0.334 0.942296 0.95266 0.94002
0.335 0.942123 0.951828 0.939979
0.336 0.94195 0.950992 0.93994
0.337 0.941777 0.950152 0.939904
0.338 0.941604 0.949308 0.939871
0.339 0.941432 0.94846 0.93984
0.34 0.941259 0.947608 0.939813
0.341 0.941086 0.946751 0.939788
0.342 0.940913 0.945891 0.939766
0.343 0.940741 0.945026 0.939747
0.344 0.940568 0.944157 0.93973
0.345 0.940395 0.943284 0.939717
0.346 0.940222 0.942407 0.939706
0.347 0.94005 0.941526 0.939699
0.348 0.939877 0.940641 0.939694
0.349 0.939704 0.939751 0.939693
0.35 0.939228 0.938861 0.939689
0.351 0.93873 0.937972 0.939677
0.352 0.938233 0.937086 0.939656
0.353 0.937736 0.936202 0.939627
0.354 0.937238 0.93532 0.93959
0.355 0.936741 0.934441 0.939544
0.356 0.936243 0.933563 0.93949
0.357 0.935746 0.932689 0.939428
0.358 0.935248 0.931816 0.939357
0.359 0.934751 0.930945 0.939279
0.36 0.934253 0.930077 0.939192
0.361 0.933756 0.929211 0.939098
0.362 0.933258 0.928348 0.938995
0.363 0.932761 0.927486 0.938885
0.364 0.932263 0.926627 0.938766
0.365 0.931766 0.92577 0.93864
0.366 0.931268 0.924916 0.938506
0.367 0.930771 0.924063 0.938365
0.368 0.930274 0.923213 0.938215
0.369 0.929776 0.922365 0.938058
0.37 0.929279 0.92152 0.937894
0.371 0.928781 0.920677 0.937722
0.372 0.928284 0.919835 0.937542
0.373 0.927786 0.918997 0.937355
0.374 0.927289 0.91816 0.937161
0.375 0.926791 0.917326 0.936959
0.376 0.926294 0.916494 0.936751
0.377 0.925796 0.915664 0.936534
0.378 0.925299 0.914837 0.936311
0.379 0.924801 0.914011 0.936081
0.38 0.924304 0.913188 0.935843
0.381 0.923806 0.912368 0.935599
0.382 0.923309 0.911549 0.935347
0.383 0.922812 0.910733 0.935088
0.384 0.922314 0.909919 0.934823
0.385 0.921817 0.909107 0.934551
0.386 0.921319 0.908298 0.934272
0.387 0.920822 0.907491 0.933986
0.388 0.920324 0.906686 0.933694
0.389 0.919827 0.905883 0.933394
0.39 0.919329 0.905083 0.933089
0.391 0.918832 0.904285 0.932777
0.392 0.918334 0.903489 0.932458
0.393 0.917837 0.902695 0.932133
0.394 0.917339 0.901904 0.931801
0.395 0.916842 0.901115 0.931463
0.396 0.916345 0.900328 0.931119
0.397 0.915847 0.899543 0.930768
0.398 0.91535 0.898761 0.930412
0.399 0.914852 0.897981 0.930049
0.4 0.914355 0.897203 0.92968
0.401 0.913857 0.896427 0.929305
0.402 0.91336 0.895654 0.928924
0.403 0.912862 0.894883 0.928537
0.404 0.912365 0.894114 0.928144
0.405 0.911867 0.893348 0.927745
0.406 0.91137 0.892584 0.927341
0.407 0.910872 0.891822 0.926931
0.408 0.910375 0.891062 0.926515
0.409 0.909877 0.890304 0.926093
0.41 0.90938 0.889549 0.925666
0.411 0.908883 0.888796 0.925233
0.412 0.908385 0.888045 0.924794
0.413 0.907888 0.887297 0.924351
0.414 0.90739 0.886551 0.923901
0.415 0.906893 0.885807 0.923447
0.416 0.906395 0.885065 0.922987
0.417 0.905898 0.884326 0.922521
0.418 0.9054 0.883589 0.922051
0.419 0.904903 0.882854 0.921575
0.42 0.904405 0.882121 0.921095
0.421 0.903908 0.881391 0.920609
0.422 0.90341 0.880663 0.920118
0.423 0.902913 0.879937 0.919622
0.424 0.902415 0.879213 0.919121
0.425 0.901918 0.878492 0.918616
0.426 0.901421 0.877773 0.918105
0.427 0.900923 0.877056 0.91759
0.428 0.900426 0.876342 0.91707
0.429 0.899928 0.875629 0.916545
0.43 0.899431 0.874919 0.916016
0.431 0.898933 0.874211 0.915482
0.432 0.898436 0.873506 0.914944
0.433 0.897938 0.872803 0.914401
0.434 0.897441 0.872102 0.913854
0.435 0.896943 0.871403 0.913302
0.436 0.896446 0.870706 0.912746
0.437 0.895948 0.870012 0.912185
0.438 0.895451 0.86932 0.911621
0.439 0.894953 0.868631 0.911052
0.44 0.894456 0.867943 0.910479
0.441 0.893959 0.867258 0.909902
0.442 0.893461 0.866575 0.909321
0.443 0.892964 0.865894 0.908736
0.444 0.892466 0.865216 0.908147
0.445 0.891969 0.86454 0.907554
0.446 0.891471 0.863866 0.906957
0.447 0.890974 0.863194 0.906357
0.448 0.890476 0.862525 0.905752
0.449 0.889979 0.861858 0.905144
0.45 0.889481 0.861193 0.904533
0.451 0.888984 0.86053 0.903917
0.452 0.888486 0.85987 0.903298
0.453 0.887989 0.859212 0.902676
0.454 0.887492 0.858556 0.90205
0.455 0.886994 0.857903 0.901421
0.456 0.886497 0.857251 0.900788
0.457 0.885999 0.856602 0.900152
0.458 0.885502 0.855955 0.899513
0.459 0.885004 0.855311 0.898871
0.46 0.884507 0.854669 0.898225
0.461 0.884009 0.854029 0.897577
0.462 0.883512 0.853391 0.896925
0.463 0.883014 0.852755 0.89627
0.464 0.882517 0.852122 0.895612
0.465 0.882019 0.851491 0.894952
0.466 0.881522 0.850862 0.894288
0.467 0.881024 0.850236 0.893622
0.468 0.880527 0.849612 0.892953
0.469 0.88003 0.84899 0.892281
0.47 0.879532 0.84837 0.891607
0.471 0.879035 0.847753 0.890929
0.472 0.878537 0.847138 0.89025
0.473 0.87804 0.846525 0.889567
0.474 0.877542 0.845914 0.888883
0.475 0.877045 0.845306 0.888196
0.476 0.876547 0.8447 0.887506
0.477 0.87605 0.844096 0.886814
0.478 0.875552 0.843494 0.88612
0.479 0.875055 0.842895 0.885424
0.48 0.874557 0.842298 0.884725
0.481 0.87406 0.841703 0.884024
0.482 0.873562 0.84111 0.883322
0.483 0.873065 0.84052 0.882617
0.484 0.872568 0.839932 0.88191
0.485 0.87207 0.839346 0.881201
0.486 0.871573 0.838763 0.880491
0.487 0.871075 0.838181 0.879778
0.488 0.870578 0.837602 0.879064
0.489 0.87008 0.837026 0.878348
0.49 0.869583 0.836451 0.87763
0.491 0.869085 0.835879 0.876911
0.492 0.868588 0.835309 0.87619
0.493 0.86809 0.834741 0.875467
0.494 0.867593 0.834176 0.874743
0.495 0.867095 0.833612 0.874018
0.496 0.866598 0.833052 0.873291
0.497 0.866101 0.832493 0.872563
0.498 0.865603 0.831936 0.871833
0.499 0.865106 0.831382 0.871103
0.5 0.864608 0.83083 0.870371
0.501 0.864111 0.830281 0.869637
0.502 0.863613 0.829733 0.868903
0.503 0.863116 0.829188 0.868168
0.504 0.862618 0.828645 0.867432
0.505 0.862121 0.828105 0.866694
0.506 0.861623 0.827566 0.865956
0.507 0.861126 0.82703 0.865217
0.508 0.860628 0.826496 0.864477
0.509 0.860131 0.825965 0.863737
0.51 0.859633 0.825436 0.862995
0.511 0.859136 0.824908 0.862253
0.512 0.858639 0.824384 0.861511
0.513 0.858141 0.823861 0.860768
0.514 0.857644 0.823341 0.860024
0.515 0.857146 0.822823 0.85928
0.516 0.856649 0.822307 0.858535
0.517 0.856151 0.821794 0.85779
0.518 0.855654 0.821282 0.857045
0.519 0.855156 0.820773 0.856299
0.52 0.854659 0.820267 0.855554
0.521 0.854161 0.819762 0.854808
0.522 0.853664 0.81926 0.854062
0.523 0.853166 0.81876 0.853315
0.524 0.852669 0.818262 0.852569
0.525 0.852171 0.817767 0.851823
0.526 0.851674 0.817274 0.851077
0.527 0.851177 0.816783 0.850331
0.528 0.850679 0.816294 0.849585
0.529 0.850182 0.815808 0.848839
0.53 0.849684 0.815324 0.848094
0.531 0.849187 0.814842 0.847349
0.532 0.848689 0.814362 0.846604
0.533 0.848192 0.813885 0.84586
0.534 0.847694 0.81341 0.845116
0.535 0.847197 0.812937 0.844373
0.536 0.846699 0.812466 0.84363
0.537 0.846202 0.811998 0.842888
0.538 0.845704 0.811532 0.842147
0.539 0.845207 0.811068 0.841406
0.54 0.844709 0.810607 0.840666
0.541 0.844212 0.810147 0.839927
0.542 0.843715 0.80969 0.839188
0.543 0.843217 0.809235 0.838451
0.544 0.84272 0.808783 0.837715
0.545 0.842222 0.808333 0.836979
0.546 0.841725 0.807885 0.836245
0.547 0.841227 0.807439 0.835511
0.548 0.84073 0.806996 0.834779
0.549 0.840232 0.806554 0.834048
0.55 0.839735 0.806115 0.833318
0.551 0.839237 0.805679 0.83259
0.552 0.83874 0.805244 0.831863
0.553 0.838242 0.804812 0.831137
0.554 0.837745 0.804382 0.830413
0.555 0.837248 0.803954 0.82969
0.556 0.83675 0.803529 0.828969
0.557 0.836253 0.803106 0.828249
0.558 0.835755 0.802685 0.827531
0.559 0.835258 0.802266 0.826814
0.56 0.83476 0.80185 0.8261
0.561 0.834263 0.801436 0.825387
0.562 0.833765 0.801024 0.824676
0.563 0.833268 0.800615 0.823967
0.564 0.83277 0.800207 0.82326
0.565 0.832273 0.799802 0.822554
0.566 0.831775 0.799399 0.821851
0.567 0.831278 0.798999 0.82115
0.568 0.83078 0.7986 0.820451
0.569 0.830283 0.798204 0.819754
0.57 0.829786 0.797811 0.81906
0.571 0.829288 0.797419 0.818367
0.572 0.828791 0.79703 0.817677
0.573 0.828293 0.796643 0.81699
0.574 0.827796 0.796258 0.816305
0.575 0.827298 0.795876 0.815622
0.576 0.826801 0.795495 0.814942
0.577 0.826303 0.795118 0.814264
0.578 0.825806 0.794742 0.813589
0.579 0.825308 0.794368 0.812917
0.58 0.824811 0.793997 0.812247
0.581 0.824313 0.793628 0.81158
0.582 0.823816 0.793262 0.810916
0.583 0.823318 0.792897 0.810255
0.584 0.822821 0.792535 0.809597
0.585 0.822324 0.792175 0.808941
0.586 0.821826 0.791818 0.808289
0.587 0.821329 0.791462 0.80764
0.588 0.820831 0.791109 0.806993
0.589 0.820334 0.790758 0.80635
0.59 0.819836 0.79041 0.805711
0.591 0.819339 0.790063 0.805074
0.592 0.818841 0.789719 0.804441
0.593 0.818344 0.789377 0.803811
0.594 0.817846 0.789038 0.803184
0.595 0.817349 0.788701 0.802561
0.596 0.816851 0.788365 0.801942
0.597 0.816354 0.788033 0.801326
0.598 0.815856 0.787702 0.800713
0.599 0.815359 0.787374 0.800105
0.6 0.814862 0.787048 0.7995
0.601 0.814364 0.786724 0.798898
0.602 0.813867 0.786403 0.798301
0.603 0.813369 0.786083 0.797707
0.604 0.812872 0.785766 0.797117
0.605 0.812374 0.785452 0.796531
0.606 0.811877 0.785139 0.795949
0.607 0.811379 0.784829 0.795372
0.608 0.810882 0.784521 0.794798
0.609 0.810384 0.784216 0.794228
0.61 0.809887 0.783912 0.793663
0.611 0.809389 0.783611 0.793102
0.612 0.808892 0.783312 0.792545
0.613 0.808395 0.783015 0.791992
0.614 0.807897 0.782721 0.791444
0.615 0.8074 0.782429 0.7909
0.616 0.806902 0.782139 0.790361
0.617 0.806405 0.781851 0.789826
0.618 0.805907 0.781566 0.789296
0.619 0.80541 0.781283 0.78877
0.62 0.804912 0.781002 0.788249
0.621 0.804415 0.780724 0.787733
0.622 0.803917 0.780447 0.787222
0.623 0.80342 0.780173 0.786715
0.624 0.802922 0.779902 0.786213
0.625 0.802425 0.779632 0.785717
0.626 0.801927 0.779365 0.785225
0.627 0.80143 0.7791 0.784738
0.628 0.800933 0.778837 0.784256
0.629 0.800435 0.778576 0.78378
0.63 0.799938 0.778318 0.783308
0.631 0.79944 0.778062 0.782842
0.632 0.798943 0.777809 0.782381
0.633 0.798445 0.777557 0.781925
0.634 0.797948 0.777308 0.781475
0.635 0.79745 0.777061 0.78103
0.636 0.796953 0.776816 0.780591
0.637 0.796455 0.776574 0.780157
0.638 0.795958 0.776334 0.779728
0.639 0.79546 0.776096 0.779305
0.64 0.794963 0.77586 0.778888
0.641 0.794465 0.775627 0.778477
0.642 0.793968 0.775396 0.778071
0.643 0.793471 0.775167 0.777671
0.644 0.792973 0.77494 0.777277
0.645 0.792476 0.774716 0.776889
0.646 0.791978 0.774494 0.776507
0.647 0.791481 0.774274 0.776131
0.648 0.790983 0.774056 0.775761
0.649 0.790486 0.773841 0.775397
0.65 0.789988 0.773628 0.775039
0.651 0.789491 0.773417 0.774687
0.652 0.788993 0.773209 0.774341
0.653 0.788496 0.773002 0.774002
0.654 0.787998 0.772798 0.773669
0.655 0.787501 0.772597 0.773343
0.656 0.787004 0.772397 0.773023
0.657 0.786506 0.7722 0.772709
0.658 0.786009 0.772005 0.772402
0.659 0.785511 0.771812 0.772102
0.66 0.785014 0.771622 0.771808
0.661 0.784516 0.771433 0.771521
0.662 0.784019 0.771248 0.771241
0.663 0.783521 0.771064 0.770967
0.664 0.783024 0.770882 0.7707
0.665 0.782526 0.770703 0.770441
0.666 0.782029 0.770526 0.770188
0.667 0.781531 0.770352 0.769942
0.668 0.781034 0.770179 0.769703
0.669 0.780536 0.770009 0.769471
0.67 0.780039 0.769841 0.769246
0.671 0.779542 0.769676 0.769029
0.672 0.779044 0.769512 0.768818
0.673 0.778547 0.769351 0.768615
0.674 0.778049 0.769192 0.768419
0.675 0.777552 0.769036 0.768231
0.676 0.777054 0.768882 0.76805
0.677 0.776557 0.768729 0.767877
0.678 0.776059 0.76858 0.767711
0.679 0.775562 0.768432 0.767552
0.68 0.775064 0.768287 0.767401
0.681 0.774567 0.768144 0.767258
0.682 0.774069 0.768003 0.767123
0.683 0.773572 0.767865 0.766995
0.684 0.773074 0.767728 0.766875
0.685 0.772577 0.767594 0.766763
0.686 0.77208 0.767463 0.766659
0.687 0.771582 0.767333 0.766563
0.688 0.771085 0.767206 0.766475
0.689 0.770587 0.767081 0.766395
0.69 0.77009 0.766958 0.766323
0.691 0.769592 0.766838 0.766259
0.692 0.769095 0.76672 0.766203
0.693 0.768597 0.766604 0.766156
0.694 0.7681 0.76649 0.766117
0.695 0.767602 0.766379 0.766086
0.696 0.767105 0.76627 0.766064
0.697 0.766607 0.766163 0.76605
0.698 0.76611 0.766058 0.766045
0.699 0.765383 0.765953 0.76604
0.7 0.76462 0.765845 0.766022
0.701 0.763858 0.765733 0.765991
0.702 0.763096 0.765617 0.765947
0.703 0.762334 0.765497 0.765891
0.704 0.761572 0.765374 0.765821
0.705 0.76081 0.765247 0.765739
0.706 0.760048 0.765116 0.765645
0.707 0.759285 0.764981 0.765538
0.708 0.758523 0.764842 0.765419
0.709 0.757761 0.7647 0.765287
0.71 0.756999 0.764554 0.765143
0.711 0.756237 0.764404 0.764986
0.712 0.755475 0.76425 0.764818
0.713 0.754712 0.764093 0.764638
0.714 0.75395 0.763932 0.764445
0.715 0.753188 0.763767 0.764241
0.716 0.752426 0.763598 0.764024
0.717 0.751664 0.763425 0.763796
0.718 0.750902 0.763249 0.763557
0.719 0.750139 0.763069 0.763306
0.72 0.749377 0.762885 0.763043
0.721 0.748615 0.762697 0.762769
0.722 0.747853 0.762506 0.762483
0.723 0.747091 0.762311 0.762186
0.724 0.746329 0.762112 0.761878
0.725 0.745566 0.761909 0.761558
0.726 0.744804 0.761702 0.761228
0.727 0.744042 0.761492 0.760887
0.728 0.74328 0.761278 0.760534
0.729 0.742518 0.76106 0.760171
0.73 0.741756 0.760839 0.759797
0.731 0.740994 0.760613 0.759412
0.732 0.740231 0.760384 0.759017
0.733 0.739469 0.760151 0.758611
0.734 0.738707 0.759914 0.758195
0.735 0.737945 0.759674 0.757768
0.736 0.737183 0.75943 0.757331
0.737 0.736421 0.759182 0.756883
0.738 0.735658 0.75893 0.756426
0.739 0.734896 0.758674 0.755958
0.74 0.734134 0.758415 0.75548
0.741 0.733372 0.758152 0.754993
0.742 0.73261 0.757885 0.754495
0.743 0.731848 0.757614 0.753988
0.744 0.731085 0.757339 0.753471
0.745 0.730323 0.757061 0.752944
0.746 0.729561 0.756779 0.752407
0.747 0.728799 0.756493 0.751862
0.748 0.728037 0.756204 0.751306
0.749 0.727275 0.75591 0.750742
0.75 0.726512 0.755613 0.750168
0.751 0.72575 0.755312 0.749585
0.752 0.724988 0.755008 0.748992
0.753 0.724226 0.754699 0.748391
0.754 0.723464 0.754387 0.747781
0.755 0.722702 0.754071 0.747162
0.756 0.721939 0.753751 0.746534
0.757 0.721177 0.753428 0.745897
0.758 0.720415 0.7531 0.745251
0.759 0.719653 0.752769 0.744597
0.76 0.718891 0.752434 0.743935
0.761 0.718129 0.752095 0.743263
0.762 0.717367 0.751753 0.742584
0.763 0.716604 0.751407 0.741896
0.764 0.715842 0.751057 0.7412
0.765 0.71508 0.750703 0.740496
0.766 0.714318 0.750345 0.739784
0.767 0.713556 0.749984 0.739064
0.768 0.712794 0.749619 0.738335
0.769 0.712031 0.74925 0.737599
0.77 0.711269 0.748878 0.736856
0.771 0.710507 0.748501 0.736104
0.772 0.709745 0.748121 0.735345
0.773 0.708983 0.747737 0.734578
0.774 0.708221 0.747349 0.733804
0.775 0.707458 0.746958 0.733023
0.776 0.706696 0.746562 0.732234
0.777 0.705934 0.746163 0.731437
0.778 0.705172 0.74576 0.730634
0.779 0.70441 0.745354 0.729824
0.78 0.703648 0.744943 0.729006
0.781 0.702885 0.744529 0.728182
0.782 0.702123 0.744111 0.72735
0.783 0.701361 0.743689 0.726512
0.784 0.700599 0.743264 0.725667
0.785 0.699837 0.742835 0.724816
0.786 0.699075 0.742402 0.723958
0.787 0.698312 0.741965 0.723093
0.788 0.69755 0.741524 0.722222
0.789 0.696788 0.74108 0.721345
0.79 0.696026 0.740632 0.720461
0.791 0.695264 0.74018 0.719571
0.792 0.694502 0.739724 0.718675
0.793 0.69374 0.739264 0.717773
0.794 0.692977 0.738801 0.716865
0.795 0.692215 0.738334 0.715951
0.796 0.691453 0.737863 0.715031
0.797 0.690691 0.737389 0.714106
0.798 0.689929 0.73691 0.713175
0.799 0.689167 0.736428 0.712238
0.8 0.688404 0.735942 0.711296
0.801 0.687642 0.735453 0.710348
0.802 0.68688 0.734959 0.709395
0.803 0.686118 0.734462 0.708436
0.804 0.685356 0.733961 0.707472
0.805 0.684594 0.733456 0.706504
0.806 0.683831 0.732948 0.70553
0.807 0.683069 0.732435 0.704551
0.808 0.682307 0.731919 0.703567
0.809 0.681545 0.731399 0.702578
0.81 0.680783 0.730875 0.701585
0.811 0.680021 0.730348 0.700586
0.812 0.679258 0.729817 0.699584
0.813 0.678496 0.729282 0.698576
0.814 0.677734 0.728743 0.697564
0.815 0.676972 0.7282 0.696548
0.816 0.67621 0.727654 0.695527
0.817 0.675448 0.727104 0.694503
0.818 0.674685 0.72655 0.693474
0.819 0.673923 0.725992 0.69244
0.82 0.673161 0.725431 0.691403
0.821 0.672399 0.724866 0.690362
0.822 0.671637 0.724297 0.689317
0.823 0.670875 0.723724 0.688268
0.824 0.670113 0.723148 0.687216
0.825 0.66935 0.722567 0.68616
0.826 0.668588 0.721983 0.6851
0.827 0.667826 0.721395 0.684037
0.828 0.667064 0.720804 0.68297
0.829 0.666302 0.720208 0.6819
0.83 0.66554 0.719609 0.680827
0.831 0.664777 0.719006 0.67975
0.832 0.664015 0.718399 0.67867
0.833 0.663253 0.717789 0.677588
0.834 0.662491 0.717175 0.676502
0.835 0.661729 0.716556 0.675414
0.836 0.660967 0.715935 0.674322
0.837 0.660204 0.715309 0.673228
0.838 0.659442 0.71468 0.672131
0.839 0.65868 0.714046 0.671032
0.84 0.657918 0.71341 0.66993
0.841 0.657156 0.712769 0.668825
0.842 0.656394 0.712124 0.667719
0.843 0.655631 0.711476 0.666609
0.844 0.654869 0.710824 0.665498
0.845 0.654107 0.710168 0.664385
0.846 0.653345 0.709509 0.663269
0.847 0.652583 0.708845 0.662152
0.848 0.651821 0.708178 0.661032
0.849 0.651058 0.707507 0.659911
0.85 0.650296 0.706832 0.658788
0.851 0.649534 0.706154 0.657663
0.852 0.648772 0.705472 0.656536
0.853 0.64801 0.704786 0.655409
0.854 0.647248 0.704096 0.654279
0.855 0.646486 0.703402 0.653148
0.856 0.645723 0.702705 0.652016
0.857 0.644961 0.702004 0.650883
0.858 0.644199 0.701299 0.649748
0.859 0.643437 0.70059 0.648612
0.86 0.642675 0.699878 0.647476
0.861 0.641913 0.699162 0.646338
0.862 0.64115 0.698442 0.645199
0.863 0.640388 0.697718 0.64406
0.864 0.639626 0.69699 0.64292
0.865 0.638864 0.696259 0.641779
0.866 0.638102 0.695524 0.640638
0.867 0.63734 0.694785 0.639496
0.868 0.636577 0.694042 0.638354
0.869 0.635815 0.693296 0.637211
0.87 0.635053 0.692546 0.636068
0.871 0.634291 0.691792 0.634925
0.872 0.633529 0.691034 0.633782
0.873 0.632767 0.690272 0.632639
0.874 0.632004 0.689507 0.631496
0.875 0.631242 0.688738 0.630352
0.876 0.63048 0.687965 0.62921
0.877 0.629718 0.687188 0.628067
0.878 0.628956 0.686408 0.626924
0.879 0.628194 0.685624 0.625783
0.88 0.627431 0.684836 0.624641
0.881 0.626669 0.684044 0.6235
0.882 0.625907 0.683248 0.62236
0.883 0.625145 0.682449 0.62122
0.884 0.624383 0.681646 0.620081
0.885 0.623621 0.680839 0.618943
0.886 0.622859 0.680029 0.617806
0.887 0.622096 0.679214 0.61667
0.888 0.621334 0.678396 0.615535
0.889 0.620572 0.677574 0.614401
0.89 0.61981 0.676748 0.613269
0.891 0.619048 0.675919 0.612138
0.892 0.618286 0.675086 0.611008
0.893 0.617523 0.674249 0.609879
0.894 0.616761 0.673408 0.608752
0.895 0.615999 0.672563 0.607627
0.896 0.615237 0.671715 0.606503
0.897 0.614475 0.670863 0.605381
0.898 0.613713 0.670007 0.604261
0.899 0.61295 0.669147 0.603143
0.9 0.612188 0.668283 0.602027
0.901 0.611426 0.667416 0.600913
0.902 0.610664 0.666545 0.599801
0.903 0.609902 0.66567 0.598691
0.904 0.60914 0.664792 0.597583
0.905 0.608377 0.663909 0.596478
0.906 0.607615 0.663023 0.595375
0.907 0.606853 0.662133 0.594275
0.908 0.606091 0.66124 0.593177
0.909 0.605329 0.660342 0.592082
0.91 0.604567 0.659441 0.59099
0.911 0.603804 0.658536 0.5899
0.912 0.603042 0.657627 0.588814
0.913 0.60228 0.656715 0.58773
0.914 0.601518 0.655798 0.586649
0.915 0.600756 0.654878 0.585572
0.916 0.599994 0.653954 0.584498
0.917 0.599232 0.653027 0.583426
0.918 0.598469 0.652095 0.582359
0.919 0.597707 0.65116 0.581294
0.92 0.596945 0.650221 0.580233
0.921 0.596183 0.649278 0.579176
0.922 0.595421 0.648332 0.578122
0.923 0.594659 0.647381 0.577072
0.924 0.593896 0.646427 0.576026
0.925 0.593134 0.645469 0.574984
0.926 0.592372 0.644508 0.573945
0.927 0.59161 0.643542 0.572911
0.928 0.590848 0.642573 0.57188
0.929 0.590086 0.6416 0.570854
0.93 0.589323 0.640623 0.569832
0.931 0.588561 0.639643 0.568814
0.932 0.587799 0.638659 0.567801
0.933 0.587037 0.63767 0.566792
0.934 0.586275 0.636679 0.565788
0.935 0.585513 0.635683 0.564788
0.936 0.58475 0.634684 0.563793
0.937 0.583988 0.63368 0.562803
0.938 0.583226 0.632673 0.561817
0.939 0.582464 0.631663 0.560837
0.94 0.581702 0.630648 0.559861
0.941 0.58094 0.62963 0.55889
0.942 0.580177 0.628608 0.557925
0.943 0.579415 0.627582 0.556965
0.944 0.578653 0.626552 0.55601
0.945 0.577891 0.625519 0.55506
0.946 0.577129 0.624482 0.554116
0.947 0.576367 0.623441 0.553178
0.948 0.575605 0.622396 0.552245
0.949 0.574842 0.621348 0.551317
0.95 0.57408 0.620296 0.550395
0.951 0.573318 0.619239 0.54948
0.952 0.572556 0.61818 0.54857
0.953 0.571794 0.617116 0.547666
0.954 0.571032 0.616049 0.546768
0.955 0.570269 0.614978 0.545876
0.956 0.569507 0.613903 0.54499
0.957 0.568745 0.612824 0.54411
0.958 0.567983 0.611742 0.543237
0.959 0.567221 0.610655 0.542371
0.96 0.566459 0.609565 0.54151
0.961 0.565696 0.608471 0.540657
0.962 0.564934 0.607374 0.53981
0.963 0.564172 0.606273 0.538969
0.964 0.56341 0.605167 0.538136
0.965 0.562648 0.604059 0.537309
0.966 0.561886 0.602946 0.536489
0.967 0.561123 0.601829 0.535676
0.968 0.560361 0.600709 0.534871
0.969 0.559599 0.599585 0.534072
0.97 0.558837 0.598457 0.533281
0.971 0.558075 0.597326 0.532497
0.972 0.557313 0.596191 0.53172
0.973 0.55655 0.595051 0.530951
0.974 0.555788 0.593909 0.530189
0.975 0.555026 0.592762 0.529435
0.976 0.554264 0.591611 0.528689
0.977 0.553502 0.590457 0.52795
0.978 0.55274 0.589299 0.52722
0.979 0.551978 0.588138 0.526497
0.98 0.551215 0.586972 0.525782
0.981 0.550453 0.585803 0.525075
0.982 0.549691 0.58463 0.524376
0.983 0.548929 0.583453 0.523686
0.984 0.548167 0.582272 0.523004
0.985 0.547405 0.581088 0.52233
0.986 0.546642 0.5799 0.521665
0.987 0.54588 0.578708 0.521008
0.988 0.545118 0.577512 0.520359
0.989 0.544356 0.576312 0.51972
0.99 0.543594 0.575109 0.519089
0.991 0.542832 0.573902 0.518467
0.992 0.542069 0.572691 0.517853
0.993 0.541307 0.571477 0.517249
0.994 0.540545 0.570258 0.516654
0.995 0.539783 0.569036 0.516068
0.996 0.539021 0.56781 0.515491
0.997 0.538259 0.56658 0.514923
0.998 0.537496 0.565347 0.514365
0.999 0.536734 0.56411 0.513816
1 0.535972 0.562869 0.513276
1.001 0.53521 0.561624 0.512746
1.002 0.534448 0.560375 0.512226
1.003 0.533686 0.559123 0.511715
1.004 0.532923 0.557867 0.511215
1.005 0.532161 0.556607 0.510724
1.006 0.531399 0.555343 0.510243
1.007 0.530637 0.554076 0.509772
1.008 0.529875 0.552804 0.509311
1.009 0.529113 0.551529 0.50886
1.01 0.528351 0.55025 0.508419
1.011 0.527588 0.548968 0.507989
1.012 0.526826 0.547682 0.507569
1.013 0.526064 0.546391 0.50716
1.014 0.525302 0.545098 0.506761
1.015 0.52454 0.5438 0.506373
1.016 0.523778 0.542498 0.505995
1.017 0.523015 0.541193 0.505629
1.018 0.522253 0.539884 0.505273
1.019 0.521491 0.538571 0.504928
1.02 0.520729 0.537255 0.504594
1.021 0.519967 0.535934 0.504271
1.022 0.519205 0.53461 0.503959
1.023 0.518442 0.533283 0.503658
1.024 0.51768 0.531951 0.503369
1.025 0.516918 0.530615 0.503091
1.026 0.516156 0.529276 0.502824
1.027 0.515394 0.527933 0.502569
1.028 0.514632 0.526586 0.502326
1.029 0.513869 0.525236 0.502094
1.03 0.513107 0.523882 0.501874
1.031 0.512345 0.522524 0.501665
1.032 0.511583 0.521162 0.501469
1.033 0.510821 0.519796 0.501285
1.034 0.510059 0.518427 0.501112
1.035 0.509297 0.517053 0.500952
1.036 0.508534 0.515676 0.500804
1.037 0.507772 0.514296 0.500668
1.038 0.50701 0.512911 0.500544
1.039 0.506248 0.511523 0.500433
1.04 0.505486 0.510131 0.500335
1.041 0.504724 0.508735 0.500249
1.042 0.503961 0.507335 0.500175
1.043 0.503199 0.505932 0.500114
1.044 0.502437 0.504525 0.500067
1.045 0.501675 0.503114 0.500032
1.046 0.500913 0.501699 0.500009
1.047 0.500151 0.500281 0.5
1.048 0.49925 0.498861 0.499995
1.049 0.498315 0.497443 0.499974
1.05 0.49738 0.496028 0.499937
1.051 0.496445 0.494616 0.499885
1.052 0.49551 0.493207 0.499816
1.053 0.494575 0.491801 0.499732
1.054 0.49364 0.490397 0.499633
1.055 0.492705 0.488997 0.499518
1.056 0.49177 0.487599 0.499388
1.057 0.490835 0.486203 0.499242
1.058 0.4899 0.484811 0.499082
1.059 0.488966 0.483421 0.498906
1.06 0.488031 0.482034 0.498715
1.061 0.487096 0.48065 0.49851
1.062 0.486161 0.479269 0.498289
1.063 0.485226 0.47789 0.498054
1.064 0.484291 0.476515 0.497804
1.065 0.483356 0.475142 0.49754
1.066 0.482421 0.473772 0.497261
1.067 0.481486 0.472404 0.496968
1.068 0.480551 0.47104 0.496661
1.069 0.479616 0.469678 0.49634
1.07 0.478681 0.468319 0.496004
1.071 0.477746 0.466963 0.495655
1.072 0.476811 0.465609 0.495291
1.073 0.475877 0.464259 0.494914
1.074 0.474942 0.462911 0.494523
1.075 0.474007 0.461566 0.494119
1.076 0.473072 0.460223 0.493701
1.077 0.472137 0.458884 0.49327
1.078 0.471202 0.457547 0.492825
1.079 0.470267 0.456213 0.492367
1.08 0.469332 0.454882 0.491896
1.081 0.468397 0.453554 0.491412
1.082 0.467462 0.452228 0.490915
1.083 0.466527 0.450905 0.490405
1.084 0.465592 0.449585 0.489882
1.085 0.464657 0.448268 0.489347
1.086 0.463722 0.446954 0.488799
1.087 0.462788 0.445642 0.488238
1.088 0.461853 0.444333 0.487665
1.089 0.460918 0.443027 0.48708
1.09 0.459983 0.441724 0.486483
1.091 0.459048 0.440423 0.485873
1.092 0.458113 0.439126 0.485251
1.093 0.457178 0.437831 0.484618
1.094 0.456243 0.436539 0.483973
1.095 0.455308 0.435249 0.483315
1.096 0.454373 0.433963 0.482647
1.097 0.453438 0.432679 0.481966
1.098 0.452503 0.431398 0.481274
1.099 0.451568 0.43012 0.480571
1.1 0.450633 0.428844 0.479856
1.101 0.449699 0.427572 0.479131
1.102 0.448764 0.426302 0.478394
1.103 0.447829 0.425035 0.477646
1.104 0.446894 0.42377 0.476887
1.105 0.445959 0.422509 0.476117
1.106 0.445024 0.42125 0.475337
1.107 0.444089 0.419994 0.474546
1.108 0.443154 0.418741 0.473744
1.109 0.442219 0.417491 0.472932
1.11 0.441284 0.416243 0.47211
1.111 0.440349 0.414998 0.471277
1.112 0.439414 0.413756 0.470434
1.113 0.438479 0.412517 0.469581
1.114 0.437544 0.411281 0.468718
1.115 0.43661 0.410047 0.467844
1.116 0.435675 0.408816 0.466962
1.117 0.43474 0.407588 0.466069
1.118 0.433805 0.406363 0.465167
1.119 0.43287 0.40514 0.464255
1.12 0.431935 0.403921 0.463334
1.121 0.431 0.402704 0.462403
1.122 0.430065 0.40149 0.461463
1.123 0.42913 0.400278 0.460514
1.124 0.428195 0.39907 0.459556
1.125 0.42726 0.397864 0.458589
1.126 0.426325 0.396661 0.457613
1.127 0.42539 0.395461 0.456628
1.128 0.424455 0.394263 0.455634
1.129 0.423521 0.393069 0.454632
1.13 0.422586 0.391877 0.453621
1.131 0.421651 0.390688 0.452602
1.132 0.420716 0.389501 0.451575
1.133 0.419781 0.388318 0.450539
1.134 0.418846 0.387137 0.449495
1.135 0.417911 0.385959 0.448443
1.136 0.416976 0.384784 0.447383
1.137 0.416041 0.383612 0.446315
1.138 0.415106 0.382442 0.445239
1.139 0.414171 0.381275 0.444155
1.14 0.413236 0.380111 0.443064
1.141 0.412301 0.37895 0.441966
1.142 0.411366 0.377792 0.44086
1.143 0.410432 0.376636 0.439746
1.144 0.409497 0.375483 0.438626
1.145 0.408562 0.374333 0.437498
1.146 0.407627 0.373186 0.436363
1.147 0.406692 0.372041 0.435221
1.148 0.405757 0.3709 0.434072
1.149 0.404822 0.369761 0.432917
1.15 0.403887 0.368625 0.431755
1.151 0.402952 0.367491 0.430586
1.152 0.402017 0.366361 0.429411
1.153 0.401082 0.365233 0.428229
1.154 0.400147 0.364108 0.427041
1.155 0.399212 0.362986 0.425846
1.156 0.398277 0.361866 0.424646
1.157 0.397342 0.36075 0.42344
1.158 0.396408 0.359636 0.422227
1.159 0.395473 0.358525 0.421009
1.16 0.394538 0.357416 0.419785
1.161 0.393603 0.356311 0.418555
1.162 0.392668 0.355208 0.417319
1.163 0.391733 0.354108 0.416079
1.164 0.390798 0.353011 0.414832
1.165 0.389863 0.351917 0.413581
1.166 0.388928 0.350825 0.412324
1.167 0.387993 0.349736 0.411062
1.168 0.387058 0.34865 0.409795
1.169 0.386123 0.347567 0.408523
1.17 0.385188 0.346487 0.407246
1.171 0.384253 0.345409 0.405965
1.172 0.383319 0.344334 0.404678
1.173 0.382384 0.343262 0.403388
1.174 0.381449 0.342193 0.402092
1.175 0.380514 0.341126 0.400793
1.176 0.379579 0.340063 0.399489
1.177 0.378644 0.339002 0.39818
1.178 0.377709 0.337944 0.396868
1.179 0.376774 0.336888 0.395552
1.18 0.375839 0.335836 0.394231
1.181 0.374904 0.334786 0.392907
1.182 0.373969 0.333739 0.391579
1.183 0.373034 0.332695 0.390248
1.184 0.372099 0.331653 0.388913
1.185 0.371164 0.330615 0.387574
1.186 0.37023 0.329579 0.386232
1.187 0.369295 0.328546 0.384887
1.188 0.36836 0.327515 0.383539
1.189 0.367425 0.326488 0.382187
1.19 0.36649 0.325463 0.380832
1.191 0.365555 0.324441 0.379475
1.192 0.36462 0.323422 0.378115
1.193 0.363685 0.322406 0.376752
1.194 0.36275 0.321392 0.375386
1.195 0.361815 0.320381 0.374018
1.196 0.36088 0.319373 0.372647
1.197 0.359945 0.318368 0.371274
1.198 0.35901 0.317366 0.369898
1.199 0.358075 0.316366 0.368521
1.2 0.357141 0.315369 0.367141
1.201 0.356206 0.314375 0.36576
1.202 0.355271 0.313384 0.364376
1.203 0.354336 0.312395 0.362991
1.204 0.353401 0.31141 0.361604
1.205 0.352466 0.310427 0.360215
1.206 0.351531 0.309447 0.358825
1.207 0.350596 0.308469 0.357433
1.208 0.349661 0.307495 0.35604
1.209 0.348726 0.306523 0.354646
1.21 0.347791 0.305554 0.35325
1.211 0.346856 0.304588 0.351853
1.212 0.345921 0.303624 0.350456
1.213 0.344986 0.302664 0.349057
1.214 0.344052 0.301706 0.347658
1.215 0.343117 0.300751 0.346258
1.216 0.342182 0.299798 0.344858
1.217 0.341247 0.298849 0.343456
1.218 0.340312 0.297902 0.342055
1.219 0.339377 0.296958 0.340653
1.22 0.338442 0.296017 0.339251
1.221 0.337507 0.295079 0.337848
1.222 0.336572 0.294143 0.336446
1.223 0.335637 0.29321 0.335044
1.224 0.334702 0.29228 0.333642
1.225 0.333767 0.291353 0.332239
1.226 0.332832 0.290429 0.330838
1.227 0.331897 0.289507 0.329436
1.228 0.330963 0.288588 0.328036
1.229 0.330028 0.287672 0.326635
1.23 0.329093 0.286759 0.325236
1.231 0.328158 0.285848 0.323837
1.232 0.327223 0.284941 0.322439
1.233 0.326288 0.284036 0.321042
1.234 0.325353 0.283134 0.319646
1.235 0.324418 0.282234 0.318251
1.236 0.323483 0.281338 0.316857
1.237 0.322548 0.280444 0.315465
1.238 0.321613 0.279553 0.314074
1.239 0.320678 0.278665 0.312684
1.24 0.319743 0.277779 0.311297
1.241 0.318808 0.276897 0.30991
1.242 0.317874 0.276017 0.308526
1.243 0.316939 0.27514 0.307144
1.244 0.316004 0.274265 0.305763
1.245 0.315069 0.273394 0.304384
1.246 0.314134 0.272525 0.303008
1.247 0.313199 0.271659 0.301634
1.248 0.312264 0.270796 0.300262
1.249 0.311329 0.269936 0.298893
1.25 0.310394 0.269078 0.297526
1.251 0.309459 0.268223 0.296161
1.252 0.308524 0.267371 0.2948
1.253 0.307589 0.266522 0.293441
1.254 0.306654 0.265676 0.292085
1.255 0.305719 0.264832 0.290732
1.256 0.304785 0.263991 0.289382
1.257 0.30385 0.263153 0.288036
1.258 0.302915 0.262318 0.286692
1.259 0.30198 0.261485 0.285352
1.26 0.301045 0.260656 0.284015
1.261 0.30011 0.259829 0.282682
1.262 0.299175 0.259005 0.281352
1.263 0.29824 0.258183 0.280027
1.264 0.297305 0.257365 0.278705
1.265 0.29637 0.256549 0.277386
1.266 0.295435 0.255736 0.276072
1.267 0.2945 0.254926 0.274762
1.268 0.293565 0.254118 0.273456
1.269 0.29263 0.253314 0.272154
1.27 0.291696 0.252512 0.270857
1.271 0.290761 0.251713 0.269564
1.272 0.289826 0.250916 0.268276
1.273 0.288891 0.250123 0.266992
1.274 0.287956 0.249332 0.265713
1.275 0.287021 0.248544 0.264439
1.276 0.286086 0.247759 0.26317
1.277 0.285151 0.246977 0.261905
1.278 0.284216 0.246197 0.260646
1.279 0.283281 0.24542 0.259392
1.28 0.282346 0.244646 0.258143
1.281 0.281411 0.243875 0.2569
1.282 0.280476 0.243107 0.255662
1.283 0.279541 0.242341 0.25443
1.284 0.278606 0.241578 0.253203
1.285 0.277672 0.240818 0.251982
1.286 0.276737 0.240061 0.250767
1.287 0.275802 0.239306 0.249558
1.288 0.274867 0.238555 0.248354
1.289 0.273932 0.237806 0.247157
1.29 0.272997 0.23706 0.245966
1.291 0.272062 0.236316 0.244782
1.292 0.271127 0.235576 0.243603
1.293 0.270192 0.234838 0.242431
1.294 0.269257 0.234103 0.241266
1.295 0.268322 0.233371 0.240108
1.296 0.267387 0.232641 0.238956
1.297 0.266452 0.231915 0.237811
1.298 0.265517 0.231191 0.236673
1.299 0.264583 0.23047 0.235542
1.3 0.263648 0.229751 0.234418
1.301 0.262713 0.229036 0.233301
1.302 0.261778 0.228323 0.232191
1.303 0.260843 0.227613 0.231089
1.304 0.259908 0.226906 0.229995
1.305 0.258973 0.226202 0.228908
1.306 0.258038 0.2255 0.227828
1.307 0.257103 0.224801 0.226757
1.308 0.256168 0.224105 0.225693
1.309 0.255233 0.223412 0.224637
1.31 0.254298 0.222722 0.22359
1.311 0.253363 0.222034 0.22255
1.312 0.252428 0.221349 0.221519
1.313 0.251494 0.220667 0.220496
1.314 0.250559 0.219988 0.219481
1.315 0.249624 0.219311 0.218475
1.316 0.248689 0.218638 0.217477
1.317 0.247754 0.217967 0.216488
1.318 0.246819 0.217299 0.215508
1.319 0.245884 0.216633 0.214537
1.32 0.244949 0.215971 0.213575
1.321 0.244014 0.215311 0.212621
1.322 0.243079 0.214654 0.211677
1.323 0.242144 0.214 0.210742
1.324 0.241209 0.213348 0.209817
1.325 0.240274 0.2127 0.2089
1.326 0.239339 0.212054 0.207994
1.327 0.238405 0.211411 0.207097
1.328 0.23747 0.210771 0.206209
1.329 0.236535 0.210133 0.205332
1.33 0.2356 0.209498 0.204464
1.331 0.234665 0.208866 0.203606
1.332 0.23373 0.208237 0.202759
1.333 0.232795 0.207611 0.201921
1.334 0.23186 0.206987 0.201094
1.335 0.230925 0.206367 0.200277
1.336 0.22999 0.205749 0.199471
1.337 0.229055 0.205133 0.198675
1.338 0.22812 0.204521 0.197889
1.339 0.227185 0.203911 0.197115
1.34 0.22625 0.203304 0.196351
1.341 0.225316 0.2027 0.195598
1.342 0.224381 0.202099 0.194856
1.343 0.223446 0.201501 0.194125
1.344 0.222511 0.200905 0.193405
1.345 0.221576 0.200312 0.192697
1.346 0.220641 0.199722 0.191999
1.347 0.219706 0.199134 0.191314
1.348 0.218771 0.19855 0.19064
1.349 0.217836 0.197968 0.189977
1.35 0.216901 0.197389 0.189326
1.351 0.215966 0.196813 0.188687
1.352 0.215031 0.196239 0.18806
1.353 0.214096 0.195669 0.187445
1.354 0.213161 0.195101 0.186842
1.355 0.212227 0.194536 0.186251
1.356 0.211292 0.193974 0.185673
1.357 0.210357 0.193414 0.185106
1.358 0.209422 0.192857 0.184553
1.359 0.208487 0.192303 0.184011
1.36 0.207552 0.191752 0.183483
1.361 0.206617 0.191204 0.182967
1.362 0.205682 0.190658 0.182464
1.363 0.204747 0.190116 0.181974
1.364 0.203812 0.189576 0.181497
1.365 0.202877 0.189038 0.181033
1.366 0.201942 0.188504 0.180582
1.367 0.201007 0.187972 0.180144
1.368 0.200072 0.187443 0.17972
1.369 0.199138 0.186917 0.17931
1.37 0.198203 0.186394 0.178913
1.371 0.197268 0.185874 0.178529
1.372 0.196333 0.185356 0.178159
1.373 0.195398 0.184841 0.177803
1.374 0.194463 0.184329 0.177462
1.375 0.193528 0.183819 0.177134
1.376 0.192593 0.183313 0.17682
1.377 0.191658 0.182809 0.17652
1.378 0.190723 0.182308 0.176235
1.379 0.189788 0.18181 0.175964
1.38 0.188853 0.181314 0.175707
1.381 0.187918 0.180822 0.175466
1.382 0.186983 0.180332 0.175238
1.383 0.186049 0.179845 0.175026
1.384 0.185114 0.179361 0.174828
1.385 0.184179 0.178879 0.174646
1.386 0.183244 0.1784 0.174478
1.387 0.182309 0.177924 0.174325
1.388 0.181374 0.177451 0.174188
1.389 0.180439 0.176981 0.174066
1.39 0.179504 0.176513 0.17396
1.391 0.178569 0.176049 0.173869
1.392 0.177634 0.175587 0.173793
1.393 0.176699 0.175127 0.173733
1.394 0.175764 0.174671 0.173689
1.395 0.174829 0.174217 0.173661
1.396 0.173894 0.173766 0.173649
1.397 0.172915 0.173317 0.173644
1.398 0.17192 0.172864 0.173622
1.399 0.170925 0.172408 0.173584
1.4 0.169931 0.17195 0.17353
1.401 0.168936 0.171488 0.173458
1.402 0.167941 0.171023 0.17337
1.403 0.166946 0.170554 0.173265
1.404 0.165951 0.170083 0.173144
1.405 0.164956 0.169608 0.173006
1.406 0.163961 0.169131 0.172853
1.407 0.162966 0.16865 0.172683
1.408 0.161971 0.168166 0.172497
1.409 0.160976 0.167679 0.172295
1.41 0.159981 0.167189 0.172077
1.411 0.158986 0.166696 0.171843
1.412 0.157991 0.166199 0.171594
1.413 0.156996 0.1657 0.17133
1.414 0.156001 0.165197 0.171049
1.415 0.155007 0.164691 0.170754
1.416 0.154012 0.164182 0.170443
1.417 0.153017 0.16367 0.170117
1.418 0.152022 0.163155 0.169776
1.419 0.151027 0.162637 0.16942
1.42 0.150032 0.162115 0.169049
1.421 0.149037 0.161591 0.168663
1.422 0.148042 0.161063 0.168263
1.423 0.147047 0.160532 0.167848
1.424 0.146052 0.159998 0.167418
1.425 0.145057 0.159461 0.166975
1.426 0.144062 0.158921 0.166516
1.427 0.143067 0.158378 0.166044
1.428 0.142072 0.157831 0.165558
1.429 0.141078 0.157281 0.165057
1.43 0.140083 0.156729 0.164543
1.431 0.139088 0.156173 0.164015
1.432 0.138093 0.155614 0.163473
1.433 0.137098 0.155052 0.162918
1.434 0.136103 0.154486 0.162349
1.435 0.135108 0.153918 0.161767
1.436 0.134113 0.153346 0.161171
1.437 0.133118 0.152772 0.160562
1.438 0.132123 0.152194 0.15994
1.439 0.131128 0.151613 0.159306
1.44 0.130133 0.151029 0.158658
1.441 0.129138 0.150442 0.157997
1.442 0.128143 0.149852 0.157324
1.443 0.127148 0.149258 0.156638
1.444 0.126154 0.148662 0.155939
1.445 0.125159 0.148062 0.155228
1.446 0.124164 0.147459 0.154505
1.447 0.123169 0.146853 0.15377
1.448 0.122174 0.146244 0.153022
1.449 0.121179 0.145632 0.152262
1.45 0.120184 0.145017 0.151491
1.451 0.119189 0.144398 0.150707
1.452 0.118194 0.143777 0.149912
1.453 0.117199 0.143152 0.149105
1.454 0.116204 0.142524 0.148287
1.455 0.115209 0.141893 0.147457
1.456 0.114214 0.141259 0.146616
1.457 0.113219 0.140622 0.145764
1.458 0.112225 0.139981 0.1449
1.459 0.11123 0.139338 0.144026
1.46 0.110235 0.138691 0.14314
1.461 0.10924 0.138041 0.142244
1.462 0.108245 0.137389 0.141337
1.463 0.10725 0.136732 0.140419
1.464 0.106255 0.136073 0.13949
1.465 0.10526 0.135411 0.138552
1.466 0.104265 0.134746 0.137602
1.467 0.10327 0.134077 0.136643
1.468 0.102275 0.133405 0.135673
1.469 0.10128 0.132731 0.134694
1.47 0.100285 0.132053 0.133704
1.471 0.0992904 0.131372 0.132704
1.472 0.0982955 0.130688 0.131695
1.473 0.0973006 0.13 0.130676
1.474 0.0963056 0.12931 0.129647
1.475 0.0953107 0.128616 0.128609
1.476 0.0943158 0.127919 0.127562
1.477 0.0933209 0.12722 0.126505
1.478 0.0923259 0.126517 0.125439
1.479 0.091331 0.125811 0.124364
1.48 0.0903361 0.125101 0.12328
1.481 0.0893411 0.124389 0.122187
1.482 0.0883462 0.123674 0.121085
1.483 0.0873513 0.122955 0.119975
1.484 0.0863563 0.122233 0.118856
1.485 0.0853614 0.121508 0.117728
1.486 0.0843665 0.12078 0.116592
1.487 0.0833715 0.120049 0.115448
1.488 0.0823766 0.119315 0.114296
1.489 0.0813817 0.118578 0.113135
1.49 0.0803868 0.117837 0.111967
1.491 0.0793918 0.117093 0.11079
1.492 0.0783969 0.116347 0.109606
1.493 0.077402 0.115597 0.108414
1.494 0.076407 0.114844 0.107214
1.495 0.0754121 0.114088 0.106007
1.496 0.0744172 0.113328 0.104792
1.497 0.0734222 0.112566 0.10357
1.498 0.0724273 0.1118 0.102341
1.499 0.0714324 0.111032 0.101105
1.5 0.0704374 0.11026 0.0998613
1.501 0.0694425 0.109485 0.098611
1.502 0.0684476 0.108707 0.0973539
1.503 0.0674527 0.107926 0.09609
1.504 0.0664577 0.107141 0.0948195
1.505 0.0654628 0.106354 0.0935425
1.506 0.0644679 0.105563 0.092259
1.507 0.0634729 0.10477 0.0909691
1.508 0.062478 0.103973 0.089673
1.509 0.0614831 0.103173 0.0883707
1.51 0.0604881 0.10237 0.0870624
1.511 0.0594932 0.101563 0.0857482
1.512 0.0584983 0.100754 0.084428
1.513 0.0575033 0.0999415 0.0831021
1.514 0.0565084 0.0991259 0.0817706
1.515 0.0555135 0.0983072 0.0804334
1.516 0.0545186 0.0974853 0.0790909
1.517 0.0535236 0.0966603 0.0777429
1.518 0.0525287 0.0958321 0.0763897
1.519 0.0515338 0.0950009 0.0750313
1.52 0.0505388 0.0941665 0.0736678
1.521 0.0495439 0.0933289 0.0722993
1.522 0.048549 0.0924883 0.070926
1.523 0.047554 0.0916445 0.0695479
1.524 0.0465591 0.0907976 0.0681651
1.525 0.0455642 0.0899475 0.0667777
1.526 0.0445692 0.0890944 0.0653858
1.527 0.0435743 0.0882381 0.0639896
1.528 0.0425794 0.0873786 0.062589
1.529 0.0415845 0.0865161 0.0611843
1.53 0.0405895 0.0856504 0.0597754
1.531 0.0395946 0.0847815 0.0583626
1.532 0.0385997 0.0839096 0.0569459
1.533 0.0376047 0.0830345 0.0555253
1.534 0.0366098 0.0821563 0.0541011
1.535 0.0356149 0.081275 0.0526732
1.536 0.0346199 0.0803905 0.0512419
1.537 0.033625 0.0795029 0.0498071
1.538 0.0326301 0.0786122 0.048369
1.539 0.0316351 0.0777183 0.0469277
1.54 0.0306402 0.0768213 0.0454833
1.541 0.0296453 0.0759212 0.0440359
1.542 0.0286504 0.0750179 0.0425856
1.543 0.0276554 0.0741116 0.0411324
1.544 0.0266605 0.0732021 0.0396765
1.545 0.0256656 0.0722894 0.038218
1.546 0.0246706 0.0713737 0.036757
1.547 0.0236757 0.0704548 0.0352935
1.548 0.0226808 0.0695327 0.0338277
1.549 0.0216858 0.0686076 0.0323596
1.55 0.0206909 0.0676793 0.0308895
1.551 0.019696 0.0667479 0.0294173
1.552 0.018701 0.0658133 0.0279431
1.553 0.0177061 0.0648757 0.0264671
1.554 0.0167112 0.0639349 0.0249894
1.555 0.0157163 0.0629909 0.02351
1.556 0.0147213 0.0620439 0.0220291
1.557 0.0137264 0.0610937 0.0205467
1.558 0.0127315 0.0601404 0.019063
1.559 0.0117365 0.0591839 0.017578
1.56 0.0107416 0.0582243 0.0160918
1.561 0.00974667 0.0572616 0.0146046
1.562 0.00875174 0.0562958 0.0131165
1.563 0.00775681 0.0553268 0.0116275
1.564 0.00676187 0.0543547 0.0101377
1.565 0.00576694 0.0533795 0.00864724
1.566 0.00477201 0.0524011 0.00715622
1.567 0.00377708 0.0514197 0.00566473
1.568 0.00278215 0.050435 0.00417287
1.569 0.00178722 0.0494473 0.00268074
1.57 0.00079229 0.0484564 0.00118843
1.571 -0.000202641 0.0474624 -0.000303961
1.572 -0.00119757 0.0464653 -0.00179633
1.573 -0.0021925 0.045465 -0.00328858
1.574 -0.00318743 0.0444616 -0.00478061
1.575 -0.00418236 0.0434551 -0.00627233
1.576 -0.00517729 0.0424455 -0.00776364
1.577 -0.00617223 0.0414327 -0.00925444
1.578 -0.00716716 0.0404168 -0.0107446
1.579 -0.00816209 0.0393977 -0.0122341
1.58 -0.00915702 0.0383756 -0.0137228
1.581 -0.0101519 0.0373503 -0.0152106
1.582 -0.0111469 0.0363218 -0.0166974
1.583 -0.0121418 0.0352903 -0.018183
1.584 -0.0131367 0.0342556 -0.0196675
1.585 -0.0141317 0.0332178 -0.0211507
1.586 -0.0151266 0.0321768 -0.0226325
1.587 -0.0161215 0.0311328 -0.0241128
1.588 -0.0171165 0.0300856 -0.0255915
1.589 -0.0181114 0.0290352 -0.0270686
1.59 -0.0191063 0.0279818 -0.0285438
1.591 -0.0201013 0.0269252 -0.0300172
1.592 -0.0210962 0.0258654 -0.0314886
1.593 -0.0220911 0.0248026 -0.0329579
1.594 -0.023086 0.0237366 -0.0344251
1.595 -0.024081 0.0226675 -0.0358899
1.596 -0.0250759 0.0215952 -0.0373524
1.597 -0.0260708 0.0205199 -0.0388124
1.598 -0.0270658 0.0194414 -0.0402699
1.599 -0.0280607 0.0183597 -0.0417247
1.6 -0.0290556 0.017275 -0.0431767
1.601 -0.0300506 0.0161871 -0.0446259
1.602 -0.0310455 0.0150961 -0.0460721
1.603 -0.0320404 0.0140019 -0.0475152
1.604 -0.0330354 0.0129047 -0.0489552
1.605 -0.0340303 0.0118043 -0.050392
1.606 -0.0350252 0.0107007 -0.0518253
1.607 -0.0360201 0.00959405 -0.0532553
1.608 -0.0370151 0.00848425 -0.0546817
1.609 -0.03801 0.00737133 -0.0561044
1.61 -0.0390049 0.00625527 -0.0575234
1.611 -0.0399999 0.00513609 -0.0589386
1.612 -0.0409948 0.00401378 -0.0603498
1.613 -0.0419897 0.00288833 -0.061757
1.614 -0.0429847 0.00175976 -0.06316
1.615 -0.0439796 0.000628061 -0.0645589
1.616 -0.0449745 -0.000506771 -0.0659533
1.617 -0.0459695 -0.00164473 -0.0673434
1.618 -0.0469644 -0.00278582 -0.0687289
1.619 -0.0479593 -0.00393004 -0.0701098
1.62 -0.0489542 -0.00507739 -0.071486
1.621 -0.0499492 -0.00622787 -0.0728574
1.622 -0.0509441 -0.00738148 -0.0742238
1.623 -0.051939 -0.00853822 -0.0755852
1.624 -0.052934 -0.00969808 -0.0769415
1.625 -0.0539289 -0.0108611 -0.0782926
1.626 -0.0549238 -0.0120272 -0.0796384
1.627 -0.0559188 -0.0131965 -0.0809788
1.628 -0.0569137 -0.0143688 -0.0823137
1.629 -0.0579086 -0.0155444 -0.0836429
1.63 -0.0589036 -0.016723 -0.0849665
1.631 -0.0598985 -0.0179048 -0.0862842
1.632 -0.0608934 -0.0190897 -0.0875961
1.633 -0.0618883 -0.0202777 -0.0889019
1.634 -0.0628833 -0.0214689 -0.0902017
1.635 -0.0638782 -0.0226632 -0.0914953
1.636 -0.0648731 -0.0238606 -0.0927826
1.637 -0.0658681 -0.0250611 -0.0940635
1.638 -0.066863 -0.0262648 -0.0953379
1.639 -0.0678579 -0.0274716 -0.0966057
1.64 -0.0688529 -0.0286816 -0.0978668
1.641 -0.0698478 -0.0298946 -0.0991212
1.642 -0.0708427 -0.0311108 -0.100369
1.643 -0.0718377 -0.0323302 -0.101609
1.644 -0.0728326 -0.0335526 -0.102843
1.645 -0.0738275 -0.0347782 -0.104069
1.646 -0.0748224 -0.0360069 -0.105288
1.647 -0.0758174 -0.0372388 -0.106499
1.648 -0.0768123 -0.0384738 -0.107704
1.649 -0.0778072 -0.0397119 -0.1089
1.65 -0.0788022 -0.0409531 -0.110089
1.651 -0.0797971 -0.0421975 -0.11127
1.652 -0.080792 -0.0434449 -0.112444
1.653 -0.081787 -0.0446956 -0.113609
1.654 -0.0827819 -0.0459493 -0.114766
1.655 -0.0837768 -0.0472062 -0.115915
1.656 -0.0847718 -0.0484662 -0.117056
1.657 -0.0857667 -0.0497294 -0.118189
1.658 -0.0867616 -0.0509956 -0.119313
1.659 -0.0877565 -0.052265 -0.120428
1.66 -0.0887515 -0.0535376 -0.121535
1.661 -0.0897464 -0.0548132 -0.122633
1.662 -0.0907413 -0.056092 -0.123723
1.663 -0.0917363 -0.0573739 -0.124803
1.664 -0.0927312 -0.058659 -0.125874
1.665 -0.0937261 -0.0599471 -0.126937
1.666 -0.0947211 -0.0612385 -0.12799
1.667 -0.095716 -0.0625329 -0.129033
1.668 -0.0967109 -0.0638305 -0.130068
1.669 -0.0977059 -0.0651312 -0.131092
1.67 -0.0987008 -0.066435 -0.132107
1.671 -0.0996957 -0.0677419 -0.133113
1.672 -0.100691 -0.069052 -0.134108
1.673 -0.101686 -0.0703652 -0.135094
1.674 -0.102681 -0.0716816 -0.13607
1.675 -0.103675 -0.073001 -0.137035
1.676 -0.10467 -0.0743236 -0.13799
1.677 -0.105665 -0.0756494 -0.138935
1.678 -0.10666 -0.0769782 -0.13987
1.679 -0.107655 -0.0783102 -0.140794
1.68 -0.10865 -0.0796453 -0.141707
1.681 -0.109645 -0.0809836 -0.14261
1.682 -0.11064 -0.082325 -0.143502
1.683 -0.111635 -0.0836695 -0.144383
1.684 -0.11263 -0.0850171 -0.145253
1.685 -0.113625 -0.0863679 -0.146112
1.686 -0.11462 -0.0877218 -0.14696
1.687 -0.115615 -0.0890788 -0.147797
1.688 -0.11661 -0.090439 -0.148622
1.689 -0.117604 -0.0918023 -0.149435
1.69 -0.118599 -0.0931687 -0.150238
1.691 -0.119594 -0.0945382 -0.151028
1.692 -0.120589 -0.0959109 -0.151807
1.693 -0.121584 -0.0972867 -0.152573
1.694 -0.122579 -0.0986656 -0.153328
1.695 -0.123574 -0.100048 -0.154071
1.696 -0.124569 -0.101433 -0.154801
1.697 -0.125564 -0.102821 -0.155519
1.698 -0.126559 -0.104213 -0.156225
1.699 -0.127554 -0.105607 -0.156919
1.7 -0.128549 -0.107005 -0.1576
1.701 -0.129544 -0.108406 -0.158268
1.702 -0.130539 -0.10981 -0.158923
1.703 -0.131534 -0.111217 -0.159566
1.704 -0.132528 -0.112627 -0.160195
1.705 -0.133523 -0.11404 -0.160812
1.706 -0.134518 -0.115457 -0.161415
1.707 -0.135513 -0.116877 -0.162006
1.708 -0.136508 -0.118299 -0.162582
1.709 -0.137503 -0.119725 -0.163146
1.71 -0.138498 -0.121154 -0.163696
1.711 -0.139493 -0.122586 -0.164232
1.712 -0.140488 -0.124022 -0.164754
1.713 -0.141483 -0.12546 -0.165263
1.714 -0.142478 -0.126901 -0.165758
1.715 -0.143473 -0.128346 -0.166238
1.716 -0.144468 -0.129794 -0.166705
1.717 -0.145463 -0.131245 -0.167157
1.718 -0.146457 -0.132699 -0.167595
1.719 -0.147452 -0.134156 -0.168019
1.72 -0.148447 -0.135616 -0.168428
1.721 -0.149442 -0.13708 -0.168822
1.722 -0.150437 -0.138546 -0.169202
1.723 -0.151432 -0.140016 -0.169567
1.724 -0.152427 -0.141489 -0.169917
1.725 -0.153422 -0.142965 -0.170252
1.726 -0.154417 -0.144444 -0.170571
1.727 -0.155412 -0.145926 -0.170876
1.728 -0.156407 -0.147411 -0.171165
1.729 -0.157402 -0.1489 -0.171439
1.73 -0.158397 -0.150391 -0.171698
1.731 -0.159392 -0.151886 -0.171941
1.732 -0.160386 -0.153384 -0.172168
1.733 -0.161381 -0.154885 -0.172379
1.734 -0.162376 -0.156389 -0.172574
1.735 -0.163371 -0.157896 -0.172754
1.736 -0.164366 -0.159407 -0.172917
1.737 -0.165361 -0.16092 -0.173064
1.738 -0.166356 -0.162437 -0.173195
1.739 -0.167351 -0.163957 -0.17331
1.74 -0.168346 -0.16548 -0.173408
1.741 -0.169341 -0.167006 -0.173489
1.742 -0.170336 -0.168535 -0.173554
1.743 -0.171331 -0.170067 -0.173602
1.744 -0.172326 -0.171602 -0.173633
1.745 -0.173321 -0.173141 -0.173647
1.746 -0.174275 -0.174681 -0.173652
1.747 -0.17521 -0.176218 -0.173671
1.748 -0.176145 -0.177752 -0.173705
1.749 -0.17708 -0.179282 -0.173756
1.75 -0.178015 -0.180809 -0.173822
1.751 -0.17895 -0.182332 -0.173904
1.752 -0.179885 -0.183851 -0.174001
1.753 -0.18082 -0.185368 -0.174114
1.754 -0.181755 -0.18688 -0.174242
1.755 -0.18269 -0.18839 -0.174386
1.756 -0.183625 -0.189895 -0.174544
1.757 -0.184559 -0.191398 -0.174718
1.758 -0.185494 -0.192897 -0.174907
1.759 -0.186429 -0.194392 -0.175111
1.76 -0.187364 -0.195884 -0.175329
1.761 -0.188299 -0.197372 -0.175562
1.762 -0.189234 -0.198857 -0.17581
1.763 -0.190169 -0.200339 -0.176073
1.764 -0.191104 -0.201817 -0.176349
1.765 -0.192039 -0.203291 -0.17664
1.766 -0.192974 -0.204763 -0.176946
1.767 -0.193909 -0.20623 -0.177265
1.768 -0.194844 -0.207694 -0.177599
1.769 -0.195779 -0.209155 -0.177947
1.77 -0.196714 -0.210612 -0.178308
1.771 -0.197649 -0.212066 -0.178684
1.772 -0.198583 -0.213516 -0.179073
1.773 -0.199518 -0.214963 -0.179475
1.774 -0.200453 -0.216406 -0.179891
1.775 -0.201388 -0.217846 -0.180321
1.776 -0.202323 -0.219282 -0.180764
1.777 -0.203258 -0.220715 -0.18122
1.778 -0.204193 -0.222144 -0.18169
1.779 -0.205128 -0.22357 -0.182172
1.78 -0.206063 -0.224993 -0.182667
1.781 -0.206998 -0.226412 -0.183176
1.782 -0.207933 -0.227827 -0.183697
1.783 -0.208868 -0.229239 -0.18423
1.784 -0.209803 -0.230648 -0.184777
1.785 -0.210738 -0.232053 -0.185336
1.786 -0.211672 -0.233455 -0.185907
1.787 -0.212607 -0.234853 -0.18649
1.788 -0.213542 -0.236247 -0.187086
1.789 -0.214477 -0.237639 -0.187694
1.79 -0.215412 -0.239026 -0.188314
1.791 -0.216347 -0.240411 -0.188946
1.792 -0.217282 -0.241791 -0.18959
1.793 -0.218217 -0.243169 -0.190246
1.794 -0.219152 -0.244542 -0.190913
1.795 -0.220087 -0.245913 -0.191592
1.796 -0.221022 -0.24728 -0.192282
1.797 -0.221957 -0.248643 -0.192984
1.798 -0.222892 -0.250003 -0.193697
1.799 -0.223827 -0.251359 -0.194421
1.8 -0.224761 -0.252712 -0.195157
1.801 -0.225696 -0.254062 -0.195903
1.802 -0.226631 -0.255408 -0.196661
1.803 -0.227566 -0.256751 -0.197429
1.804 -0.228501 -0.25809 -0.198208
1.805 -0.229436 -0.259425 -0.198998
1.806 -0.230371 -0.260757 -0.199798
1.807 -0.231306 -0.262086 -0.200609
1.808 -0.232241 -0.263411 -0.20143
1.809 -0.233176 -0.264733 -0.202261
1.81 -0.234111 -0.266051 -0.203103
1.811 -0.235046 -0.267366 -0.203955
1.812 -0.235981 -0.268677 -0.204816
1.813 -0.236916 -0.269985 -0.205688
1.814 -0.23785 -0.271289 -0.20657
1.815 -0.238785 -0.27259 -0.207461
1.816 -0.23972 -0.273888 -0.208362
1.817 -0.240655 -0.275182 -0.209273
1.818 -0.24159 -0.276472 -0.210193
1.819 -0.242525 -0.277759 -0.211122
1.82 -0.24346 -0.279043 -0.212061
1.821 -0.244395 -0.280323 -0.213008
1.822 -0.24533 -0.281599 -0.213965
1.823 -0.246265 -0.282872 -0.214931
1.824 -0.2472 -0.284142 -0.215906
1.825 -0.248135 -0.285408 -0.21689
1.826 -0.24907 -0.286671 -0.217882
1.827 -0.250005 -0.28793 -0.218884
1.828 -0.250939 -0.289186 -0.219893
1.829 -0.251874 -0.290438 -0.220911
1.83 -0.252809 -0.291687 -0.221938
1.831 -0.253744 -0.292932 -0.222973
1.832 -0.254679 -0.294174 -0.224016
1.833 -0.255614 -0.295412 -0.225067
1.834 -0.256549 -0.296647 -0.226126
1.835 -0.257484 -0.297879 -0.227192
1.836 -0.258419 -0.299107 -0.228267
1.837 -0.259354 -0.300331 -0.22935
1.838 -0.260289 -0.301552 -0.23044
1.839 -0.261224 -0.30277 -0.231537
1.84 -0.262159 -0.303984 -0.232642
1.841 -0.263094 -0.305194 -0.233755
1.842 -0.264028 -0.306401 -0.234875
1.843 -0.264963 -0.307605 -0.236001
1.844 -0.265898 -0.308805 -0.237135
1.845 -0.266833 -0.310002 -0.238276
1.846 -0.267768 -0.311195 -0.239424
1.847 -0.268703 -0.312385 -0.240579
1.848 -0.269638 -0.313571 -0.24174
1.849 -0.270573 -0.314754 -0.242908
1.85 -0.271508 -0.315933 -0.244082
1.851 -0.272443 -0.317109 -0.245263
1.852 -0.273378 -0.318281 -0.246451
1.853 -0.274313 -0.31945 -0.247644
1.854 -0.275248 -0.320616 -0.248844
1.855 -0.276183 -0.321778 -0.250049
1.856 -0.277117 -0.322936 -0.251261
1.857 -0.278052 -0.324091 -0.252479
1.858 -0.278987 -0.325243 -0.253702
1.859 -0.279922 -0.326391 -0.254931
1.86 -0.280857 -0.327535 -0.256166
1.861 -0.281792 -0.328676 -0.257406
1.862 -0.282727 -0.329814 -0.258651
1.863 -0.283662 -0.330948 -0.259902
1.864 -0.284597 -0.332079 -0.261158
1.865 -0.285532 -0.333206 -0.26242
1.866 -0.286467 -0.33433 -0.263686
1.867 -0.287402 -0.33545 -0.264957
1.868 -0.288337 -0.336567 -0.266234
1.869 -0.289272 -0.33768 -0.267514
1.87 -0.290206 -0.33879 -0.2688
1.871 -0.291141 -0.339896 -0.27009
1.872 -0.292076 -0.340999 -0.271385
1.873 -0.293011 -0.342099 -0.272684
1.874 -0.293946 -0.343195 -0.273988
1.875 -0.294881 -0.344287 -0.275295
1.876 -0.295816 -0.345376 -0.276607
1.877 -0.296751 -0.346462 -0.277923
1.878 -0.297686 -0.347544 -0.279243
1.879 -0.298621 -0.348622 -0.280566
1.88 -0.299556 -0.349698 -0.281894
1.881 -0.300491 -0.350769 -0.283225
1.882 -0.301426 -0.351837 -0.284559
1.883 -0.302361 -0.352902 -0.285897
1.884 -0.303295 -0.353963 -0.287239
1.885 -0.30423 -0.355021 -0.288584
1.886 -0.305165 -0.356075 -0.289932
1.887 -0.3061 -0.357126 -0.291283
1.888 -0.307035 -0.358173 -0.292637
1.889 -0.30797 -0.359217 -0.293994
1.89 -0.308905 -0.360258 -0.295354
1.891 -0.30984 -0.361295 -0.296717
1.892 -0.310775 -0.362328 -0.298082
1.893 -0.31171 -0.363358 -0.29945
1.894 -0.312645 -0.364384 -0.300821
1.895 -0.31358 -0.365408 -0.302193
1.896 -0.314515 -0.366427 -0.303568
1.897 -0.31545 -0.367443 -0.304946
1.898 -0.316385 -0.368456 -0.306325
1.899 -0.317319 -0.369465 -0.307706
1.9 -0.318254 -0.370471 -0.30909
1.901 -0.319189 -0.371473 -0.310475
1.902 -0.320124 -0.372471 -0.311862
1.903 -0.321059 -0.373467 -0.31325
1.904 -0.321994 -0.374458 -0.31464
1.905 -0.322929 -0.375447 -0.316032
1.906 -0.323864 -0.376431 -0.317425
1.907 -0.324799 -0.377413 -0.318819
1.908 -0.325734 -0.378391 -0.320214
1.909 -0.326669 -0.379365 -0.321611
1.91 -0.327604 -0.380336 -0.323008
1.911 -0.328539 -0.381303 -0.324407
1.912 -0.329474 -0.382267 -0.325806
1.913 -0.330408 -0.383228 -0.327206
1.914 -0.331343 -0.384185 -0.328606
1.915 -0.332278 -0.385139 -0.330007
1.916 -0.333213 -0.386089 -0.331409
1.917 -0.334148 -0.387035 -0.332811
1.918 -0.335083 -0.387978 -0.334213
1.919 -0.336018 -0.388918 -0.335615
1.92 -0.336953 -0.389854 -0.337017
1.921 -0.337888 -0.390787 -0.33842
1.922 -0.338823 -0.391716 -0.339822
1.923 -0.339758 -0.392642 -0.341224
1.924 -0.340693 -0.393564 -0.342626
1.925 -0.341628 -0.394483 -0.344027
1.926 -0.342563 -0.395398 -0.345428
1.927 -0.343497 -0.39631 -0.346829
1.928 -0.344432 -0.397219 -0.348228
1.929 -0.345367 -0.398124 -0.349627
1.93 -0.346302 -0.399025 -0.351025
1.931 -0.347237 -0.399923 -0.352422
1.932 -0.348172 -0.400818 -0.353819
1.933 -0.349107 -0.401709 -0.355214
1.934 -0.350042 -0.402596 -0.356608
1.935 -0.350977 -0.40348 -0.358
1.936 -0.351912 -0.404361 -0.359391
1.937 -0.352847 -0.405238 -0.360781
1.938 -0.353782 -0.406112 -0.362169
1.939 -0.354717 -0.406982 -0.363555
1.94 -0.355652 -0.407849 -0.36494
1.941 -0.356586 -0.408712 -0.366323
1.942 -0.357521 -0.409572 -0.367704
1.943 -0.358456 -0.410428 -0.369082
1.944 -0.359391 -0.411281 -0.370459
1.945 -0.360326 -0.41213 -0.371833
1.946 -0.361261 -0.412976 -0.373206
1.947 -0.362196 -0.413818 -0.374575
1.948 -0.363131 -0.414657 -0.375943
1.949 -0.364066 -0.415493 -0.377307
1.95 -0.365001 -0.416325 -0.378669
1.951 -0.365936 -0.417153 -0.380028
1.952 -0.366871 -0.417978 -0.381385
1.953 -0.367806 -0.4188 -0.382738
1.954 -0.368741 -0.419618 -0.384088
1.955 -0.369675 -0.420433 -0.385435
1.956 -0.37061 -0.421244 -0.386779
1.957 -0.371545 -0.422051 -0.38812
1.958 -0.37248 -0.422856 -0.389457
1.959 -0.373415 -0.423656 -0.390791
1.96 -0.37435 -0.424454 -0.392121
1.961 -0.375285 -0.425247 -0.393447
1.962 -0.37622 -0.426038 -0.39477
1.963 -0.377155 -0.426824 -0.396088
1.964 -0.37809 -0.427608 -0.397403
1.965 -0.379025 -0.428388 -0.398714
1.966 -0.37996 -0.429164 -0.40002
1.967 -0.380895 -0.429937 -0.401323
1.968 -0.38183 -0.430707 -0.40262
1.969 -0.382764 -0.431473 -0.403914
1.97 -0.383699 -0.432235 -0.405203
1.971 -0.384634 -0.432994 -0.406487
1.972 -0.385569 -0.43375 -0.407767
1.973 -0.386504 -0.434502 -0.409042
1.974 -0.387439 -0.43525 -0.410312
1.975 -0.388374 -0.435996 -0.411577
1.976 -0.389309 -0.436737 -0.412836
1.977 -0.390244 -0.437475 -0.414091
1.978 -0.391179 -0.43821 -0.415341
1.979 -0.392114 -0.438941 -0.416585
1.98 -0.393049 -0.439669 -0.417823
1.981 -0.393984 -0.440394 -0.419056
1.982 -0.394919 -0.441114 -0.420284
1.983 -0.395853 -0.441832 -0.421506
1.984 -0.396788 -0.442546 -0.422722
1.985 -0.397723 -0.443256 -0.423932
1.986 -0.398658 -0.443963 -0.425136
1.987 -0.399593 -0.444667 -0.426334
1.988 -0.400528 -0.445367 -0.427525
1.989 -0.401463 -0.446063 -0.428711
1.99 -0.402398 -0.446756 -0.42989
1.991 -0.403333 -0.447446 -0.431063
1.992 -0.404268 -0.448132 -0.432229
1.993 -0.405203 -0.448814 -0.433388
1.994 -0.406138 -0.449494 -0.434541
1.995 -0.407073 -0.450169 -0.435687
1.996 -0.408008 -0.450842 -0.436826
1.997 -0.408942 -0.45151 -0.437958
1.998 -0.409877 -0.452176 -0.439083
1.999 -0.410812 -0.452837 -0.440201
2 -0.411747 -0.453496 -0.441311
2.001 -0.412682 -0.454151 -0.442414
2.002 -0.413617 -0.454802 -0.44351
2.003 -0.414552 -0.45545 -0.444598
2.004 -0.415487 -0.456094 -0.445678
2.005 -0.416422 -0.456735 -0.446751
2.006 -0.417357 -0.457373 -0.447815
2.007 -0.418292 -0.458007 -0.448872
2.008 -0.419227 -0.458637 -0.449921
2.009 -0.420162 -0.459264 -0.450962
2.01 -0.421097 -0.459888 -0.451994
2.011 -0.422031 -0.460508 -0.453018
2.012 -0.422966 -0.461125 -0.454034
2.013 -0.423901 -0.461738 -0.455041
2.014 -0.424836 -0.462348 -0.45604
2.015 -0.425771 -0.462954 -0.45703
2.016 -0.426706 -0.463556 -0.458011
2.017 -0.427641 -0.464156 -0.458984
2.018 -0.428576 -0.464752 -0.459947
2.019 -0.429511 -0.465344 -0.460902
2.02 -0.430446 -0.465933 -0.461847
2.021 -0.431381 -0.466518 -0.462783
2.022 -0.432316 -0.4671 -0.46371
2.023 -0.433251 -0.467678 -0.464628
2.024 -0.434186 -0.468253 -0.465535
2.025 -0.43512 -0.468825 -0.466434
2.026 -0.436055 -0.469393 -0.467322
2.027 -0.43699 -0.469958 -0.468201
2.028 -0.437925 -0.470519 -0.46907
2.029 -0.43886 -0.471076 -0.469929
2.03 -0.439795 -0.47163 -0.470778
2.031 -0.44073 -0.472181 -0.471617
2.032 -0.441665 -0.472728 -0.472446
2.033 -0.4426 -0.473272 -0.473264
2.034 -0.443535 -0.473812 -0.474072
2.035 -0.44447 -0.474349 -0.474869
2.036 -0.445405 -0.474882 -0.475656
2.037 -0.44634 -0.475412 -0.476432
2.038 -0.447275 -0.475938 -0.477197
2.039 -0.44821 -0.476461 -0.477952
2.04 -0.449144 -0.476981 -0.478695
2.041 -0.450079 -0.477496 -0.479428
2.042 -0.451014 -0.478009 -0.480149
2.043 -0.451949 -0.478518 -0.480859
2.044 -0.452884 -0.479023 -0.481558
2.045 -0.453819 -0.479525 -0.482245
2.046 -0.454754 -0.480024 -0.48292
2.047 -0.455689 -0.480519 -0.483585
2.048 -0.456624 -0.481011 -0.484237
2.049 -0.457559 -0.481499 -0.484877
2.05 -0.458494 -0.481983 -0.485506
2.051 -0.459429 -0.482465 -0.486123
2.052 -0.460364 -0.482942 -0.486727
2.053 -0.461299 -0.483417 -0.48732
2.054 -0.462233 -0.483887 -0.4879
2.055 -0.463168 -0.484355 -0.488468
2.056 -0.464103 -0.484818 -0.489023
2.057 -0.465038 -0.485279 -0.489566
2.058 -0.465973 -0.485736 -0.490096
2.059 -0.466908 -0.486189 -0.490614
2.06 -0.467843 -0.486639 -0.491119
2.061 -0.468778 -0.487085 -0.491611
2.062 -0.469713 -0.487528 -0.492089
2.063 -0.470648 -0.487968 -0.492555
2.064 -0.471583 -0.488404 -0.493008
2.065 -0.472518 -0.488836 -0.493447
2.066 -0.473453 -0.489266 -0.493873
2.067 -0.474388 -0.489691 -0.494285
2.068 -0.475322 -0.490113 -0.494684
2.069 -0.476257 -0.490532 -0.495069
2.07 -0.477192 -0.490947 -0.495441
2.071 -0.478127 -0.491359 -0.495799
2.072 -0.479062 -0.491767 -0.496142
2.073 -0.479997 -0.492172 -0.496472
2.074 -0.480932 -0.492573 -0.496788
2.075 -0.481867 -0.492971 -0.497089
2.076 -0.482802 -0.493365 -0.497377
2.077 -0.483737 -0.493756 -0.497649
2.078 -0.484672 -0.494144 -0.497908
2.079 -0.485607 -0.494528 -0.498152
2.08 -0.486542 -0.494908 -0.498381
2.081 -0.487477 -0.495285 -0.498595
2.082 -0.488411 -0.495659 -0.498795
2.083 -0.489346 -0.496029 -0.498979
2.084 -0.490281 -0.496395 -0.499149
2.085 -0.491216 -0.496758 -0.499303
2.086 -0.492151 -0.497118 -0.499443
2.087 -0.493086 -0.497474 -0.499567
2.088 -0.494021 -0.497827 -0.499675
2.089 -0.494956 -0.498176 -0.499769
2.09 -0.495891 -0.498522 -0.499846
2.091 -0.496826 -0.498864 -0.499908
2.092 -0.497761 -0.499203 -0.499954
2.093 -0.498696 -0.499538 -0.499984
2.094 -0.499631 -0.49987 -0.499999
2.095 -0.500461 -0.500199 -0.500002
2.096 -0.501223 -0.500531 -0.500017
2.097 -0.501985 -0.500865 -0.500044
2.098 -0.502748 -0.501201 -0.500085
2.099 -0.50351 -0.50154 -0.500138
2.1 -0.504272 -0.501881 -0.500204
2.101 -0.505034 -0.502225 -0.500282
2.102 -0.505796 -0.502572 -0.500373
2.103 -0.506558 -0.502921 -0.500477
2.104 -0.50732 -0.503272 -0.500593
2.105 -0.508083 -0.503626 -0.500722
2.106 -0.508845 -0.503982 -0.500863
2.107 -0.509607 -0.504341 -0.501016
2.108 -0.510369 -0.504702 -0.501181
2.109 -0.511131 -0.505066 -0.501358
2.11 -0.511893 -0.505432 -0.501548
2.111 -0.512656 -0.505801 -0.501749
2.112 -0.513418 -0.506172 -0.501962
2.113 -0.51418 -0.506546 -0.502187
2.114 -0.514942 -0.506922 -0.502423
2.115 -0.515704 -0.507301 -0.502672
2.116 -0.516466 -0.507682 -0.502931
2.117 -0.517229 -0.508065 -0.503203
2.118 -0.517991 -0.508451 -0.503485
2.119 -0.518753 -0.50884 -0.503779
2.12 -0.519515 -0.509231 -0.504084
2.121 -0.520277 -0.509625 -0.504401
2.122 -0.521039 -0.510021 -0.504728
2.123 -0.521802 -0.510419 -0.505067
2.124 -0.522564 -0.51082 -0.505416
2.125 -0.523326 -0.511224 -0.505777
2.126 -0.524088 -0.51163 -0.506148
2.127 -0.52485 -0.512038 -0.50653
2.128 -0.525612 -0.512449 -0.506922
2.129 -0.526375 -0.512862 -0.507326
2.13 -0.527137 -0.513278 -0.507739
2.131 -0.527899 -0.513697 -0.508163
2.132 -0.528661 -0.514118 -0.508598
2.133 -0.529423 -0.514541 -0.509042
2.134 -0.530185 -0.514967 -0.509497
2.135 -0.530947 -0.515395 -0.509962
2.136 -0.53171 -0.515826 -0.510437
2.137 -0.532472 -0.516259 -0.510922
2.138 -0.533234 -0.516695 -0.511417
2.139 -0.533996 -0.517133 -0.511922
2.14 -0.534758 -0.517574 -0.512437
2.141 -0.53552 -0.518017 -0.512961
2.142 -0.536283 -0.518463 -0.513495
2.143 -0.537045 -0.518911 -0.514038
2.144 -0.537807 -0.519362 -0.514591
2.145 -0.538569 -0.519815 -0.515153
2.146 -0.539331 -0.520271 -0.515725
2.147 -0.540093 -0.520729 -0.516305
2.148 -0.540856 -0.521189 -0.516895
2.149 -0.541618 -0.521652 -0.517494
2.15 -0.54238 -0.522118 -0.518102
2.151 -0.543142 -0.522586 -0.518719
2.152 -0.543904 -0.523057 -0.519345
2.153 -0.544666 -0.52353 -0.519979
2.154 -0.545429 -0.524005 -0.520622
2.155 -0.546191 -0.524483 -0.521274
2.156 -0.546953 -0.524964 -0.521935
2.157 -0.547715 -0.525447 -0.522603
2.158 -0.548477 -0.525932 -0.523281
2.159 -0.549239 -0.52642 -0.523966
2.16 -0.550002 -0.52691 -0.52466
2.161 -0.550764 -0.527403 -0.525362
2.162 -0.551526 -0.527899 -0.526072
2.163 -0.552288 -0.528396 -0.52679
2.164 -0.55305 -0.528897 -0.527516
2.165 -0.553812 -0.5294 -0.52825
2.166 -0.554574 -0.529905 -0.528992
2.167 -0.555337 -0.530413 -0.529742
2.168 -0.556099 -0.530923 -0.530499
2.169 -0.556861 -0.531436 -0.531263
2.17 -0.557623 -0.531951 -0.532036
2.171 -0.558385 -0.532469 -0.532815
2.172 -0.559147 -0.532989 -0.533602
2.173 -0.55991 -0.533512 -0.534397
2.174 -0.560672 -0.534037 -0.535198
2.175 -0.561434 -0.534564 -0.536007
2.176 -0.562196 -0.535095 -0.536822
2.177 -0.562958 -0.535627 -0.537645
2.178 -0.56372 -0.536162 -0.538474
2.179 -0.564483 -0.5367 -0.539311
2.18 -0.565245 -0.53724 -0.540154
2.181 -0.566007 -0.537782 -0.541004
2.182 -0.566769 -0.538328 -0.54186
2.183 -0.567531 -0.538875 -0.542723
2.184 -0.568293 -0.539425 -0.543592
2.185 -0.569056 -0.539978 -0.544468
2.186 -0.569818 -0.540533 -0.54535
2.187 -0.57058 -0.54109 -0.546238
2.188 -0.571342 -0.54165 -0.547133
2.189 -0.572104 -0.542212 -0.548033
2.19 -0.572866 -0.542777 -0.54894
2.191 -0.573629 -0.543345 -0.549852
2.192 -0.574391 -0.543915 -0.55077
2.193 -0.575153 -0.544487 -0.551694
2.194 -0.575915 -0.545062 -0.552624
2.195 -0.576677 -0.545639 -0.553559
2.196 -0.577439 -0.546219 -0.5545
2.197 -0.578201 -0.546801 -0.555446
2.198 -0.578964 -0.547386 -0.556398
2.199 -0.579726 -0.547973 -0.557355
2.2 -0.580488 -0.548563 -0.558318
2.201 -0.58125 -0.549155 -0.559285
2.202 -0.582012 -0.54975 -0.560258
2.203 -0.582774 -0.550347 -0.561235
2.204 -0.583537 -0.550947 -0.562218
2.205 -0.584299 -0.551549 -0.563205
2.206 -0.585061 -0.552154 -0.564198
2.207 -0.585823 -0.552761 -0.565195
2.208 -0.586585 -0.55337 -0.566196
2.209 -0.587347 -0.553982 -0.567202
2.21 -0.58811 -0.554597 -0.568213
2.211 -0.588872 -0.555214 -0.569228
2.212 -0.589634 -0.555834 -0.570248
2.213 -0.590396 -0.556456 -0.571271
2.214 -0.591158 -0.55708 -0.572299
2.215 -0.59192 -0.557707 -0.573331
2.216 -0.592683 -0.558337 -0.574368
2.217 -0.593445 -0.558969 -0.575408
2.218 -0.594207 -0.559603 -0.576452
2.219 -0.594969 -0.56024 -0.577499
2.22 -0.595731 -0.560879 -0.578551
2.221 -0.596493 -0.561521 -0.579606
2.222 -0.597256 -0.562166 -0.580665
2.223 -0.598018 -0.562812 -0.581727
2.224 -0.59878 -0.563462 -0.582793
2.225 -0.599542 -0.564114 -0.583862
2.226 -0.600304 -0.564768 -0.584935
2.227 -0.601066 -0.565425 -0.58601
2.228 -0.601828 -0.566084 -0.587089
2.229 -0.602591 -0.566746 -0.588171
2.23 -0.603353 -0.56741 -0.589256
2.231 -0.604115 -0.568077 -0.590344
2.232 -0.604877 -0.568746 -0.591435
2.233 -0.605639 -0.569418 -0.592528
2.234 -0.606401 -0.570092 -0.593624
2.235 -0.607164 -0.570769 -0.594723
2.236 -0.607926 -0.571448 -0.595824
2.237 -0.608688 -0.572129 -0.596928
2.238 -0.60945 -0.572813 -0.598034
2.239 -0.610212 -0.5735 -0.599143
2.24 -0.610974 -0.574189 -0.600253
2.241 -0.611737 -0.574881 -0.601366
2.242 -0.612499 -0.575575 -0.602481
2.243 -0.613261 -0.576271 -0.603598
2.244 -0.614023 -0.57697 -0.604717
2.245 -0.614785 -0.577672 -0.605838
2.246 -0.615547 -0.578376 -0.606961
2.247 -0.61631 -0.579082 -0.608085
2.248 -0.617072 -0.579791 -0.609211
2.249 -0.617834 -0.580503 -0.610339
2.25 -0.618596 -0.581216 -0.611468
2.251 -0.619358 -0.581933 -0.612598
2.252 -0.62012 -0.582652 -0.61373
2.253 -0.620882 -0.583373 -0.614863
2.254 -0.621645 -0.584097 -0.615997
2.255 -0.622407 -0.584823 -0.617133
2.256 -0.623169 -0.585552 -0.618269
2.257 -0.623931 -0.586283 -0.619407
2.258 -0.624693 -0.587017 -0.620545
2.259 -0.625455 -0.587753 -0.621684
2.26 -0.626218 -0.588492 -0.622824
2.261 -0.62698 -0.589233 -0.623965
2.262 -0.627742 -0.589977 -0.625106
2.263 -0.628504 -0.590723 -0.626248
2.264 -0.629266 -0.591472 -0.62739
2.265 -0.630028 -0.592223 -0.628532
2.266 -0.630791 -0.592977 -0.629675
2.267 -0.631553 -0.593733 -0.630818
2.268 -0.632315 -0.594492 -0.631961
2.269 -0.633077 -0.595253 -0.633105
2.27 -0.633839 -0.596016 -0.634248
2.271 -0.634601 -0.596782 -0.635391
2.272 -0.635364 -0.597551 -0.636534
2.273 -0.636126 -0.598322 -0.637677
2.274 -0.636888 -0.599095 -0.638819
2.275 -0.63765 -0.599871 -0.639961
2.276 -0.638412 -0.60065 -0.641103
2.277 -0.639174 -0.601431 -0.642244
2.278 -0.639937 -0.602214 -0.643384
2.279 -0.640699 -0.603 -0.644524
2.28 -0.641461 -0.603789 -0.645663
2.281 -0.642223 -0.60458 -0.646801
2.282 -0.642985 -0.605373 -0.647939
2.283 -0.643747 -0.606169 -0.649075
2.284 -0.644509 -0.606967 -0.65021
2.285 -0.645272 -0.607768 -0.651344
2.286 -0.646034 -0.608571 -0.652477
2.287 -0.646796 -0.609377 -0.653609
2.288 -0.647558 -0.610185 -0.654739
2.289 -0.64832 -0.610996 -0.655868
2.29 -0.649082 -0.611809 -0.656996
2.291 -0.649845 -0.612625 -0.658121
2.292 -0.650607 -0.613443 -0.659245
2.293 -0.651369 -0.614264 -0.660368
2.294 -0.652131 -0.615087 -0.661488
2.295 -0.652893 -0.615913 -0.662607
2.296 -0.653655 -0.616741 -0.663724
2.297 -0.654418 -0.617572 -0.664839
2.298 -0.65518 -0.618405 -0.665951
2.299 -0.655942 -0.61924 -0.667062
2.3 -0.656704 -0.620078 -0.66817
2.301 -0.657466 -0.620919 -0.669276
2.302 -0.658228 -0.621762 -0.670379
2.303 -0.658991 -0.622608 -0.67148
2.304 -0.659753 -0.623456 -0.672578
2.305 -0.660515 -0.624306 -0.673674
2.306 -0.661277 -0.625159 -0.674767
2.307 -0.662039 -0.626015 -0.675857
2.308 -0.662801 -0.626873 -0.676945
2.309 -0.663564 -0.627733 -0.678029
2.31 -0.664326 -0.628596 -0.679111
2.311 -0.665088 -0.629461 -0.680189
2.312 -0.66585 -0.630329 -0.681264
2.313 -0.666612 -0.6312 -0.682336
2.314 -0.667374 -0.632072 -0.683405
2.315 -0.668136 -0.632948 -0.68447
2.316 -0.668899 -0.633826 -0.685532
2.317 -0.669661 -0.634706 -0.68659
2.318 -0.670423 -0.635589 -0.687645
2.319 -0.671185 -0.636474 -0.688696
2.32 -0.671947 -0.637362 -0.689743
2.321 -0.672709 -0.638252 -0.690787
2.322 -0.673472 -0.639145 -0.691826
2.323 -0.674234 -0.64004 -0.692862
2.324 -0.674996 -0.640938 -0.693893
2.325 -0.675758 -0.641838 -0.694921
2.326 -0.67652 -0.64274 -0.695944
2.327 -0.677282 -0.643645 -0.696963
2.328 -0.678045 -0.644553 -0.697977
2.329 -0.678807 -0.645463 -0.698987
2.33 -0.679569 -0.646376 -0.699993
2.331 -0.680331 -0.647291 -0.700994
2.332 -0.681093 -0.648208 -0.70199
2.333 -0.681855 -0.649128 -0.702981
2.334 -0.682618 -0.650051 -0.703968
2.335 -0.68338 -0.650976 -0.70495
2.336 -0.684142 -0.651903 -0.705927
2.337 -0.684904 -0.652833 -0.706899
2.338 -0.685666 -0.653766 -0.707866
2.339 -0.686428 -0.654701 -0.708827
2.34 -0.687191 -0.655638 -0.709784
2.341 -0.687953 -0.656578 -0.710735
2.342 -0.688715 -0.657521 -0.71168
2.343 -0.689477 -0.658465 -0.71262
2.344 -0.690239 -0.659413 -0.713555
2.345 -0.691001 -0.660363 -0.714484
2.346 -0.691763 -0.661315 -0.715407
2.347 -0.692526 -0.66227 -0.716324
2.348 -0.693288 -0.663227 -0.717236
2.349 -0.69405 -0.664187 -0.718141
2.35 -0.694812 -0.665149 -0.719041
2.351 -0.695574 -0.666114 -0.719934
2.352 -0.696336 -0.667081 -0.720822
2.353 -0.697099 -0.668051 -0.721703
2.354 -0.697861 -0.669023 -0.722578
2.355 -0.698623 -0.669998 -0.723446
2.356 -0.699385 -0.670975 -0.724308
2.357 -0.700147 -0.671954 -0.725164
2.358 -0.700909 -0.672936 -0.726012
2.359 -0.701672 -0.673921 -0.726854
2.36 -0.702434 -0.674908 -0.72769
2.361 -0.703196 -0.675898 -0.728518
2.362 -0.703958 -0.67689 -0.72934
2.363 -0.70472 -0.677884 -0.730155
2.364 -0.705482 -0.678881 -0.730962
2.365 -0.706245 -0.679881 -0.731763
2.366 -0.707007 -0.680883 -0.732556
2.367 -0.707769 -0.681887 -0.733342
2.368 -0.708531 -0.682894 -0.73412
2.369 -0.709293 -0.683904 -0.734892
2.37 -0.710055 -0.684916 -0.735655
2.371 -0.710818 -0.68593 -0.736411
2.372 -0.71158 -0.686947 -0.73716
2.373 -0.712342 -0.687966 -0.7379
2.374 -0.713104 -0.688988 -0.738633
2.375 -0.713866 -0.690012 -0.739358
2.376 -0.714628 -0.691039 -0.740075
2.377 -0.71539 -0.692069 -0.740784
2.378 -0.716153 -0.6931 -0.741485
2.379 -0.716915 -0.694135 -0.742177
2.38 -0.717677 -0.695171 -0.742862
2.381 -0.718439 -0.696211 -0.743538
2.382 -0.719201 -0.697252 -0.744205
2.383 -0.719963 -0.698297 -0.744865
2.384 -0.720726 -0.699343 -0.745515
2.385 -0.721488 -0.700392 -0.746157
2.386 -0.72225 -0.701444 -0.74679
2.387 -0.723012 -0.702498 -0.747415
2.388 -0.723774 -0.703555 -0.74803
2.389 -0.724536 -0.704614 -0.748637
2.39 -0.725299 -0.705676 -0.749235
2.391 -0.726061 -0.70674 -0.749823
2.392 -0.726823 -0.707806 -0.750403
2.393 -0.727585 -0.708875 -0.750973
2.394 -0.728347 -0.709947 -0.751534
2.395 -0.729109 -0.711021 -0.752085
2.396 -0.729872 -0.712097 -0.752627
2.397 -0.730634 -0.713176 -0.75316
2.398 -0.731396 -0.714258 -0.753682
2.399 -0.732158 -0.715342 -0.754195
2.4 -0.73292 -0.716428 -0.754699
2.401 -0.733682 -0.717517 -0.755192
2.402 -0.734445 -0.718608 -0.755676
2.403 -0.735207 -0.719702 -0.75615
2.404 -0.735969 -0.720799 -0.756613
2.405 -0.736731 -0.721897 -0.757067
2.406 -0.737493 -0.722999 -0.75751
2.407 -0.738255 -0.724103 -0.757943
2.408 -0.739017 -0.725209 -0.758365
2.409 -0.73978 -0.726318 -0.758778
2.41 -0.740542 -0.727429 -0.759179
2.411 -0.741304 -0.728543 -0.75957
2.412 -0.742066 -0.729659 -0.759951
2.413 -0.742828 -0.730778 -0.76032
2.414 -0.74359 -0.731899 -0.760679
2.415 -0.744353 -0.733022 -0.761027
2.416 -0.745115 -0.734149 -0.761364
2.417 -0.745877 -0.735277 -0.76169
2.418 -0.746639 -0.736408 -0.762005
2.419 -0.747401 -0.737542 -0.762308
2.42 -0.748163 -0.738678 -0.762601
2.421 -0.748926 -0.739817 -0.762882
2.422 -0.749688 -0.740958 -0.763151
2.423 -0.75045 -0.742101 -0.763409
2.424 -0.751212 -0.743247 -0.763656
2.425 -0.751974 -0.744396 -0.763891
2.426 -0.752736 -0.745547 -0.764114
2.427 -0.753499 -0.7467 -0.764325
2.428 -0.754261 -0.747856 -0.764525
2.429 -0.755023 -0.749015 -0.764712
2.43 -0.755785 -0.750176 -0.764888
2.431 -0.756547 -0.751339 -0.765052
2.432 -0.757309 -0.752505 -0.765203
2.433 -0.758072 -0.753673 -0.765342
2.434 -0.758834 -0.754844 -0.765469
2.435 -0.759596 -0.756017 -0.765583
2.436 -0.760358 -0.757193 -0.765685
2.437 -0.76112 -0.758372 -0.765774
2.438 -0.761882 -0.759552 -0.765851
2.439 -0.762644 -0.760736 -0.765915
2.44 -0.763407 -0.761921 -0.765967
2.441 -0.764169 -0.76311 -0.766005
2.442 -0.764931 -0.7643 -0.766031
2.443 -0.765693 -0.765494 -0.766043
2.444 -0.766313 -0.766688 -0.766044
2.445 -0.76681 -0.76788 -0.766044
2.446 -0.767308 -0.769067 -0.766044
2.447 -0.767805 -0.770251 -0.766044
2.448 -0.768302 -0.77143 -0.766043
2.449 -0.7688 -0.772606 -0.766042
2.45 -0.769297 -0.773777 -0.76604
2.451 -0.769795 -0.774944 -0.766037
2.452 -0.770292 -0.776108 -0.766033
2.453 -0.77079 -0.777267 -0.766029
2.454 -0.771287 -0.778423 -0.766023
2.455 -0.771785 -0.779574 -0.766016
2.456 -0.772282 -0.780722 -0.766008
2.457 -0.77278 -0.781865 -0.765998
2.458 -0.773277 -0.783005 -0.765986
2.459 -0.773775 -0.78414 -0.765973
2.46 -0.774272 -0.785271 -0.765958
2.461 -0.77477 -0.786399 -0.765941
2.462 -0.775267 -0.787522 -0.765922
2.463 -0.775764 -0.788642 -0.765901
2.464 -0.776262 -0.789757 -0.765877
2.465 -0.776759 -0.790869 -0.765851
2.466 -0.777257 -0.791976 -0.765822
2.467 -0.777754 -0.793079 -0.765791
2.468 -0.778252 -0.794179 -0.765757
2.469 -0.778749 -0.795274 -0.76572
2.47 -0.779247 -0.796366 -0.765679
2.471 -0.779744 -0.797453 -0.765636
2.472 -0.780242 -0.798537 -0.765589
2.473 -0.780739 -0.799616 -0.765539
2.474 -0.781237 -0.800692 -0.765485
2.475 -0.781734 -0.801763 -0.765428
2.476 -0.782231 -0.80283 -0.765366
2.477 -0.782729 -0.803894 -0.765301
2.478 -0.783226 -0.804953 -0.765232
2.479 -0.783724 -0.806009 -0.765158
2.48 -0.784221 -0.80706 -0.765081
2.481 -0.784719 -0.808108 -0.764998
2.482 -0.785216 -0.809151 -0.764912
2.483 -0.785714 -0.810191 -0.76482
2.484 -0.786211 -0.811226 -0.764724
2.485 -0.786709 -0.812257 -0.764623
2.486 -0.787206 -0.813285 -0.764517
2.487 -0.787704 -0.814308 -0.764406
2.488 -0.788201 -0.815328 -0.764289
2.489 -0.788699 -0.816343 -0.764167
2.49 -0.789196 -0.817355 -0.76404
2.491 -0.789693 -0.818362 -0.763907
2.492 -0.790191 -0.819366 -0.763768
2.493 -0.790688 -0.820365 -0.763623
2.494 -0.791186 -0.82136 -0.763473
2.495 -0.791683 -0.822352 -0.763316
2.496 -0.792181 -0.823339 -0.763153
2.497 -0.792678 -0.824323 -0.762983
2.498 -0.793176 -0.825302 -0.762807
2.499 -0.793673 -0.826278 -0.762625
2.5 -0.794171 -0.827249 -0.762435
2.501 -0.794668 -0.828216 -0.762239
2.502 -0.795166 -0.82918 -0.762036
2.503 -0.795663 -0.830139 -0.761826
2.504 -0.796161 -0.831095 -0.761608
2.505 -0.796658 -0.832046 -0.761384
2.506 -0.797155 -0.832994 -0.761151
2.507 -0.797653 -0.833937 -0.760911
2.508 -0.79815 -0.834877 -0.760664
2.509 -0.798648 -0.835812 -0.760408
2.51 -0.799145 -0.836743 -0.760145
2.511 -0.799643 -0.837671 -0.759873
2.512 -0.80014 -0.838594 -0.759594
2.513 -0.800638 -0.839514 -0.759306
2.514 -0.801135 -0.840429 -0.759009
2.515 -0.801633 -0.841341 -0.758704
2.516 -0.80213 -0.842248 -0.75839
2.517 -0.802628 -0.843152 -0.758068
2.518 -0.803125 -0.844051 -0.757736
2.519 -0.803623 -0.844946 -0.757396
2.52 -0.80412 -0.845838 -0.757046
2.521 -0.804617 -0.846725 -0.756687
2.522 -0.805115 -0.847609 -0.756319
2.523 -0.805612 -0.848488 -0.755941
2.524 -0.80611 -0.849364 -0.755553
2.525 -0.806607 -0.850235 -0.755156
2.526 -0.807105 -0.851102 -0.754748
2.527 -0.807602 -0.851966 -0.754331
2.528 -0.8081 -0.852825 -0.753903
2.529 -0.808597 -0.853681 -0.753465
2.53 -0.809095 -0.854532 -0.753017
2.531 -0.809592 -0.85538 -0.752558
2.532 -0.81009 -0.856223 -0.752089
2.533 -0.810587 -0.857063 -0.751609
2.534 -0.811084 -0.857898 -0.751118
2.535 -0.811582 -0.858729 -0.750616
2.536 -0.812079 -0.859557 -0.750102
2.537 -0.812577 -0.86038 -0.749578
2.538 -0.813074 -0.8612 -0.749042
2.539 -0.813572 -0.862015 -0.748495
2.54 -0.814069 -0.862827 -0.747936
2.541 -0.814567 -0.863634 -0.747365
2.542 -0.815064 -0.864438 -0.746782
2.543 -0.815562 -0.865237 -0.746188
2.544 -0.816059 -0.866032 -0.745581
2.545 -0.816557 -0.866824 -0.744962
2.546 -0.817054 -0.867611 -0.744331
2.547 -0.817552 -0.868395 -0.743687
2.548 -0.818049 -0.869174 -0.743031
2.549 -0.818546 -0.86995 -0.742362
2.55 -0.819044 -0.870721 -0.74168
2.551 -0.819541 -0.871489 -0.740985
2.552 -0.820039 -0.872252 -0.740277
2.553 -0.820536 -0.873011 -0.739556
2.554 -0.821034 -0.873767 -0.738821
2.555 -0.821531 -0.874518 -0.738073
2.556 -0.822029 -0.875266 -0.737312
2.557 -0.822526 -0.876009 -0.736537
2.558 -0.823024 -0.876749 -0.735747
2.559 -0.823521 -0.877484 -0.734944
2.56 -0.824019 -0.878215 -0.734127
2.561 -0.824516 -0.878943 -0.733296
2.562 -0.825014 -0.879666 -0.732451
2.563 -0.825511 -0.880386 -0.731591
2.564 -0.826008 -0.881101 -0.730716
2.565 -0.826506 -0.881813 -0.729827
2.566 -0.827003 -0.88252 -0.728923
2.567 -0.827501 -0.883224 -0.728004
2.568 -0.827998 -0.883923 -0.72707
2.569 -0.828496 -0.884618 -0.726121
2.57 -0.828993 -0.88531 -0.725156
2.571 -0.829491 -0.885997 -0.724176
2.572 -0.829988 -0.886681 -0.723181
2.573 -0.830486 -0.88736 -0.72217
2.574 -0.830983 -0.888036 -0.721143
2.575 -0.831481 -0.888707 -0.7201
2.576 -0.831978 -0.889375 -0.719042
2.577 -0.832475 -0.890038 -0.717967
2.578 -0.832973 -0.890697 -0.716876
2.579 -0.83347 -0.891353 -0.715768
2.58 -0.833968 -0.892004 -0.714644
2.581 -0.834465 -0.892652 -0.713504
2.582 -0.834963 -0.893295 -0.712346
2.583 -0.83546 -0.893935 -0.711172
2.584 -0.835958 -0.89457 -0.709981
2.585 -0.836455 -0.895202 -0.708772
2.586 -0.836953 -0.895829 -0.707547
2.587 -0.83745 -0.896452 -0.706304
2.588 -0.837948 -0.897072 -0.705043
2.589 -0.838445 -0.897687 -0.703765
2.59 -0.838943 -0.898299 -0.702469
2.591 -0.83944 -0.898906 -0.701156
2.592 -0.839937 -0.89951 -0.699824
2.593 -0.840435 -0.900109 -0.698474
2.594 -0.840932 -0.900704 -0.697106
2.595 -0.84143 -0.901296 -0.69572
2.596 -0.841927 -0.901883 -0.694315
2.597 -0.842425 -0.902467 -0.692892
2.598 -0.842922 -0.903046 -0.69145
2.599 -0.84342 -0.903622 -0.689989
2.6 -0.843917 -0.904193 -0.688509
2.601 -0.844415 -0.904761 -0.68701
2.602 -0.844912 -0.905324 -0.685492
2.603 -0.84541 -0.905883 -0.683955
2.604 -0.845907 -0.906439 -0.682398
2.605 -0.846405 -0.90699 -0.680822
2.606 -0.846902 -0.907538 -0.679226
2.607 -0.847399 -0.908081 -0.67761
2.608 -0.847897 -0.908621 -0.675974
2.609 -0.848394 -0.909156 -0.674318
2.61 -0.848892 -0.909688 -0.672642
2.611 -0.849389 -0.910215 -0.670946
2.612 -0.849887 -0.910738 -0.669229
2.613 -0.850384 -0.911258 -0.667492
2.614 -0.850882 -0.911773 -0.665734
2.615 -0.851379 -0.912285 -0.663955
2.616 -0.851877 -0.912792 -0.662156
2.617 -0.852374 -0.913296 -0.660335
2.618 -0.852872 -0.913795 -0.658493
2.619 -0.853369 -0.914291 -0.65663
2.62 -0.853867 -0.914782 -0.654746
2.621 -0.854364 -0.915269 -0.65284
2.622 -0.854861 -0.915753 -0.650912
2.623 -0.855359 -0.916232 -0.648963
2.624 -0.855856 -0.916708 -0.646992
2.625 -0.856354 -0.917179 -0.644999
2.626 -0.856851 -0.917647 -0.642983
2.627 -0.857349 -0.91811 -0.640946
2.628 -0.857846 -0.918569 -0.638886
2.629 -0.858344 -0.919025 -0.636803
2.63 -0.858841 -0.919476 -0.634698
2.631 -0.859339 -0.919924 -0.63257
2.632 -0.859836 -0.920367 -0.63042
2.633 -0.860334 -0.920807 -0.628246
2.634 -0.860831 -0.921242 -0.626049
2.635 -0.861328 -0.921674 -0.623829
2.636 -0.861826 -0.922101 -0.621586
2.637 -0.862323 -0.922524 -0.619319
2.638 -0.862821 -0.922944 -0.617029
2.639 -0.863318 -0.923359 -0.614715
2.64 -0.863816 -0.923771 -0.612377
2.641 -0.864313 -0.924178 -0.610015
2.642 -0.864811 -0.924582 -0.607629
2.643 -0.865308 -0.924981 -0.605219
2.644 -0.865806 -0.925377 -0.602784
2.645 -0.866303 -0.925768 -0.600326
2.646 -0.866801 -0.926155 -0.597842
2.647 -0.867298 -0.926539 -0.595334
2.648 -0.867796 -0.926918 -0.592801
2.649 -0.868293 -0.927294 -0.590243
2.65 -0.86879 -0.927665 -0.58766
2.651 -0.869288 -0.928033 -0.585052
2.652 -0.869785 -0.928396 -0.582419
2.653 -0.870283 -0.928755 -0.57976
2.654 -0.87078 -0.929111 -0.577075
2.655 -0.871278 -0.929462 -0.574365
2.656 -0.871775 -0.92981 -0.571629
2.657 -0.872273 -0.930153 -0.568868
2.658 -0.87277 -0.930493 -0.56608
2.659 -0.873268 -0.930828 -0.563266
2.66 -0.873765 -0.93116 -0.560426
2.661 -0.874263 -0.931487 -0.557559
2.662 -0.87476 -0.93181 -0.554666
2.663 -0.875258 -0.93213 -0.551746
2.664 -0.875755 -0.932445 -0.5488
2.665 -0.876252 -0.932757 -0.545826
2.666 -0.87675 -0.933064 -0.542826
2.667 -0.877247 -0.933368 -0.539798
2.668 -0.877745 -0.933667 -0.536743
2.669 -0.878242 -0.933963 -0.533661
2.67 -0.87874 -0.934254 -0.530551
2.671 -0.879237 -0.934541 -0.527414
2.672 -0.879735 -0.934825 -0.524249
2.673 -0.880232 -0.935104 -0.521056
2.674 -0.88073 -0.93538 -0.517835
2.675 -0.881227 -0.935651 -0.514586
2.676 -0.881725 -0.935919 -0.511309
2.677 -0.882222 -0.936182 -0.508003
2.678 -0.88272 -0.936442 -0.504669
2.679 -0.883217 -0.936697 -0.501307
2.68 -0.883714 -0.936948 -0.497915
2.681 -0.884212 -0.937196 -0.494495
2.682 -0.884709 -0.937439 -0.491046
2.683 -0.885207 -0.937679 -0.487568
2.684 -0.885704 -0.937914 -0.48406
2.685 -0.886202 -0.938146 -0.480523
2.686 -0.886699 -0.938373 -0.476957
2.687 -0.887197 -0.938596 -0.473361
2.688 -0.887694 -0.938816 -0.469736
2.689 -0.888192 -0.939031 -0.46608
2.69 -0.888689 -0.939243 -0.462395
2.691 -0.889187 -0.93945 -0.45868
2.692 -0.889684 -0.939654 -0.454934
2.693 -0.890181 -0.939853 -0.451158
2.694 -0.890679 -0.940049 -0.447352
2.695 -0.891176 -0.94024 -0.443515
2.696 -0.891674 -0.940427 -0.439648
2.697 -0.892171 -0.940611 -0.43575
2.698 -0.892669 -0.94079 -0.43182
2.699 -0.893166 -0.940966 -0.42786
2.7 -0.893664 -0.941137 -0.423869
2.701 -0.894161 -0.941305 -0.419846
2.702 -0.894659 -0.941468 -0.415792
2.703 -0.895156 -0.941628 -0.411706
2.704 -0.895654 -0.941783 -0.407589
2.705 -0.896151 -0.941934 -0.40344
2.706 -0.896649 -0.942082 -0.399259
2.707 -0.897146 -0.942225 -0.395046
2.708 -0.897643 -0.942365 -0.390801
2.709 -0.898141 -0.9425 -0.386524
2.71 -0.898638 -0.942632 -0.382214
2.711 -0.899136 -0.942759 -0.377872
2.712 -0.899633 -0.942883 -0.373497
2.713 -0.900131 -0.943002 -0.36909
2.714 -0.900628 -0.943117 -0.364649
2.715 -0.901126 -0.943229 -0.360176
2.716 -0.901623 -0.943336 -0.355669
2.717 -0.902121 -0.94344 -0.351129
2.718 -0.902618 -0.943539 -0.346556
2.719 -0.903116 -0.943635 -0.34195
2.72 -0.903613 -0.943726 -0.337309
2.721 -0.904111 -0.943813 -0.332636
2.722 -0.904608 -0.943897 -0.327928
2.723 -0.905105 -0.943976 -0.323186
2.724 -0.905603 -0.944052 -0.31841
2.725 -0.9061 -0.944123 -0.3136
2.726 -0.906598 -0.944191 -0.308756
2.727 -0.907095 -0.944254 -0.303877
2.728 -0.907593 -0.944314 -0.298963
2.729 -0.90809 -0.944369 -0.294015
2.73 -0.908588 -0.94442 -0.289032
2.731 -0.909085 -0.944468 -0.284014
2.732 -0.909583 -0.944511 -0.278961
2.733 -0.91008 -0.944551 -0.273873
2.734 -0.910578 -0.944586 -0.26875
2.735 -0.911075 -0.944618 -0.263591
2.736 -0.911572 -0.944645 -0.258396
2.737 -0.91207 -0.944669 -0.253166
2.738 -0.912567 -0.944688 -0.2479
2.739 -0.913065 -0.944703 -0.242598
2.74 -0.913562 -0.944715 -0.23726
2.741 -0.91406 -0.944722 -0.231886
2.742 -0.914557 -0.944726 -0.226476
2.743 -0.915055 -0.944725 -0.221029
2.744 -0.915552 -0.944721 -0.215546
2.745 -0.91605 -0.944712 -0.210026
2.746 -0.916547 -0.944699 -0.204469
2.747 -0.917045 -0.944683 -0.198875
2.748 -0.917542 -0.944662 -0.193245
2.749 -0.91804 -0.944638 -0.187577
2.75 -0.918537 -0.944609 -0.181872
2.751 -0.919034 -0.944577 -0.176129
2.752 -0.919532 -0.94454 -0.170349
2.753 -0.920029 -0.9445 -0.164532
2.754 -0.920527 -0.944455 -0.158676
2.755 -0.921024 -0.944406 -0.152783
2.756 -0.921522 -0.944354 -0.146852
2.757 -0.922019 -0.944297 -0.140883
2.758 -0.922517 -0.944237 -0.134875
2.759 -0.923014 -0.944172 -0.128829
2.76 -0.923512 -0.944104 -0.122744
2.761 -0.924009 -0.944031 -0.116621
2.762 -0.924507 -0.943955 -0.11046
2.763 -0.925004 -0.943874 -0.104259
2.764 -0.925502 -0.943789 -0.0980194
2.765 -0.925999 -0.943701 -0.0917407
2.766 -0.926496 -0.943608 -0.0854227
2.767 -0.926994 -0.943512 -0.0790654
2.768 -0.927491 -0.943411 -0.0726687
2.769 -0.927989 -0.943307 -0.0662324
2.77 -0.928486 -0.943198 -0.0597563
2.771 -0.928984 -0.943086 -0.0532405
2.772 -0.929481 -0.942969 -0.0466846
2.773 -0.929979 -0.942848 -0.0400887
2.774 -0.930476 -0.942724 -0.0334527
2.775 -0.930974 -0.942595 -0.0267762
2.776 -0.931471 -0.942463 -0.0200594
2.777 -0.931969 -0.942326 -0.013302
2.778 -0.932466 -0.942186 -0.0065039
2.779 -0.932964 -0.942041 0.000335007
2.78 -0.933461 -0.941892 0.00721484
2.781 -0.933958 -0.94174 0.0141357
2.782 -0.934456 -0.941583 0.0210978
2.783 -0.934953 -0.941423 0.0281011
2.784 -0.935451 -0.941258 0.0351459
2.785 -0.935948 -0.94109 0.0422322
2.786 -0.936446 -0.940917 0.0493602
2.787 -0.936943 -0.940741 0.0565299
2.788 -0.937441 -0.94056 0.0637416
2.789 -0.937938 -0.940375 0.0709953
2.79 -0.938436 -0.940187 0.0782911
2.791 -0.938933 -0.939994 0.0856292
2.792 -0.939431 -0.939798 0.0930097
