# interpolation 
# x linterp integ
0 1 0 
0.001 0.999922 0.000999961 
0.002 0.999843 0.00199984 
0.003 0.999765 0.00299965 
0.004 0.999686 0.00399937 
0.005 0.999608 0.00499902 
0.006 0.99953 0.00599859 
0.007 0.999451 0.00699808 
0.008 0.999373 0.00799749 
0.009 0.999295 0.00899683 
0.01 0.999216 0.00999608 
0.011 0.999138 0.0109953 
0.012 0.999059 0.0119944 
0.013 0.998981 0.0129934 
0.014 0.998903 0.0139923 
0.015 0.998824 0.0149912 
0.016 0.998746 0.01599 
0.017 0.998668 0.0169887 
0.018 0.998589 0.0179873 
0.019 0.998511 0.0189859 
0.02 0.998432 0.0199843 
0.021 0.998354 0.0209827 
0.022 0.998276 0.021981 
0.023 0.998197 0.0229793 
0.024 0.998119 0.0239774 
0.025 0.998041 0.0249755 
0.026 0.997962 0.0259735 
0.027 0.997884 0.0269714 
0.028 0.997805 0.0279693 
0.029 0.997727 0.028967 
0.03 0.997649 0.0299647 
0.031 0.99757 0.0309623 
0.032 0.997492 0.0319599 
0.033 0.997414 0.0329573 
0.034 0.997335 0.0339547 
0.035 0.997257 0.034952 
0.036 0.997178 0.0359492 
0.037 0.9971 0.0369463 
0.038 0.997022 0.0379434 
0.039 0.996943 0.0389404 
0.04 0.996865 0.0399373 
0.041 0.996786 0.0409341 
0.042 0.996708 0.0419309 
0.043 0.99663 0.0429275 
0.044 0.996551 0.0439241 
0.045 0.996473 0.0449206 
0.046 0.996395 0.0459171 
0.047 0.996316 0.0469134 
0.048 0.996238 0.0479097 
0.049 0.996159 0.0489059 
0.05 0.996081 0.049902 
0.051 0.996003 0.0508981 
0.052 0.995924 0.051894 
0.053 0.995846 0.0528899 
0.054 0.995768 0.0538857 
0.055 0.995689 0.0548815 
0.056 0.995611 0.0558771 
0.057 0.995532 0.0568727 
0.058 0.995454 0.0578682 
0.059 0.995376 0.0588636 
0.06 0.995297 0.0598589 
0.061 0.995219 0.0608542 
0.062 0.995141 0.0618494 
0.063 0.995062 0.0628445 
0.064 0.994984 0.0638395 
0.065 0.994905 0.0648344 
0.066 0.994827 0.0658293 
0.067 0.994749 0.0668241 
0.068 0.99467 0.0678188 
0.069 0.994592 0.0688134 
0.07 0.994514 0.069808 
0.071 0.994435 0.0708024 
0.072 0.994357 0.0717968 
0.073 0.994278 0.0727912 
0.074 0.9942 0.0737854 
0.075 0.994122 0.0747796 
0.076 0.994043 0.0757736 
0.077 0.993965 0.0767676 
0.078 0.993886 0.0777616 
0.079 0.993808 0.0787554 
0.08 0.99373 0.0797492 
0.081 0.993651 0.0807429 
0.082 0.993573 0.0817365 
0.083 0.993495 0.08273 
0.084 0.993416 0.0837235 
0.085 0.993338 0.0847169 
0.086 0.993259 0.0857102 
0.087 0.993181 0.0867034 
0.088 0.993103 0.0876965 
0.089 0.993024 0.0886896 
0.09 0.992946 0.0896826 
0.091 0.992868 0.0906755 
0.092 0.992789 0.0916683 
0.093 0.992711 0.0926611 
0.094 0.992632 0.0936537 
0.095 0.992554 0.0946463 
0.096 0.992476 0.0956388 
0.097 0.992397 0.0966313 
0.098 0.992319 0.0976236 
0.099 0.992241 0.0986159 
0.1 0.992162 0.0996081 
0.101 0.992084 0.1006 
0.102 0.992005 0.101592 
0.103 0.991927 0.102584 
0.104 0.991849 0.103576 
0.105 0.99177 0.104568 
0.106 0.991692 0.10556 
0.107 0.991614 0.106551 
0.108 0.991535 0.107543 
0.109 0.991457 0.108534 
0.11 0.991378 0.109526 
0.111 0.9913 0.110517 
0.112 0.991222 0.111508 
0.113 0.991143 0.1125 
0.114 0.991065 0.113491 
0.115 0.990986 0.114482 
0.116 0.990908 0.115473 
0.117 0.99083 0.116464 
0.118 0.990751 0.117454 
0.119 0.990673 0.118445 
0.12 0.990595 0.119436 
0.121 0.990516 0.120426 
0.122 0.990438 0.121417 
0.123 0.990359 0.122407 
0.124 0.990281 0.123397 
0.125 0.990203 0.124388 
0.126 0.990124 0.125378 
0.127 0.990046 0.126368 
0.128 0.989968 0.127358 
0.129 0.989889 0.128348 
0.13 0.989811 0.129338 
0.131 0.989732 0.130327 
0.132 0.989654 0.131317 
0.133 0.989576 0.132307 
0.134 0.989497 0.133296 
0.135 0.989419 0.134286 
0.136 0.989341 0.135275 
0.137 0.989262 0.136264 
0.138 0.989184 0.137254 
0.139 0.989105 0.138243 
0.14 0.989027 0.139232 
0.141 0.988949 0.140221 
0.142 0.98887 0.14121 
0.143 0.988792 0.142199 
0.144 0.988714 0.143187 
0.145 0.988635 0.144176 
0.146 0.988557 0.145165 
0.147 0.988478 0.146153 
0.148 0.9884 0.147142 
0.149 0.988322 0.14813 
0.15 0.988243 0.149118 
0.151 0.988165 0.150106 
0.152 0.988086 0.151095 
0.153 0.988008 0.152083 
0.154 0.98793 0.153071 
0.155 0.987851 0.154058 
0.156 0.987773 0.155046 
0.157 0.987695 0.156034 
0.158 0.987474 0.157022 
0.159 0.987241 0.158009 
0.16 0.987007 0.158996 
0.161 0.986774 0.159983 
0.162 0.986541 0.16097 
0.163 0.986308 0.161956 
0.164 0.986074 0.162942 
0.165 0.985841 0.163928 
0.166 0.985608 0.164914 
0.167 0.985375 0.165899 
0.168 0.985142 0.166885 
0.169 0.984908 0.16787 
0.17 0.984675 0.168855 
0.171 0.984442 0.169839 
0.172 0.984209 0.170823 
0.173 0.983976 0.171807 
0.174 0.983742 0.172791 
0.175 0.983509 0.173775 
0.176 0.983276 0.174758 
0.177 0.983043 0.175742 
0.178 0.98281 0.176724 
0.179 0.982576 0.177707 
0.18 0.982343 0.17869 
0.181 0.98211 0.179672 
0.182 0.981877 0.180654 
0.183 0.981644 0.181636 
0.184 0.98141 0.182617 
0.185 0.981177 0.183598 
0.186 0.980944 0.184579 
0.187 0.980711 0.18556 
0.188 0.980478 0.186541 
0.189 0.980244 0.187521 
0.19 0.980011 0.188501 
0.191 0.979778 0.189481 
0.192 0.979545 0.190461 
0.193 0.979312 0.19144 
0.194 0.979078 0.19242 
0.195 0.978845 0.193399 
0.196 0.978612 0.194377 
0.197 0.978379 0.195356 
0.198 0.978145 0.196334 
0.199 0.977912 0.197312 
0.2 0.977679 0.19829 
0.201 0.977446 0.199267 
0.202 0.977213 0.200245 
0.203 0.976979 0.201222 
0.204 0.976746 0.202199 
0.205 0.976513 0.203175 
0.206 0.97628 0.204152 
0.207 0.976047 0.205128 
0.208 0.975813 0.206104 
0.209 0.97558 0.207079 
0.21 0.975347 0.208055 
0.211 0.975114 0.20903 
0.212 0.974881 0.210005 
0.213 0.974647 0.21098 
0.214 0.974414 0.211954 
0.215 0.974181 0.212929 
0.216 0.973948 0.213903 
0.217 0.973715 0.214877 
0.218 0.973481 0.21585 
0.219 0.973248 0.216824 
0.22 0.973015 0.217797 
0.221 0.972782 0.21877 
0.222 0.972549 0.219742 
0.223 0.972315 0.220715 
0.224 0.972082 0.221687 
0.225 0.971849 0.222659 
0.226 0.971616 0.223631 
0.227 0.971383 0.224602 
0.228 0.971149 0.225573 
0.229 0.970916 0.226544 
0.23 0.970683 0.227515 
0.231 0.97045 0.228486 
0.232 0.970217 0.229456 
0.233 0.969983 0.230426 
0.234 0.96975 0.231396 
0.235 0.969517 0.232366 
0.236 0.969284 0.233335 
0.237 0.96905 0.234304 
0.238 0.968817 0.235273 
0.239 0.968584 0.236242 
0.24 0.968351 0.23721 
0.241 0.968118 0.238179 
0.242 0.967884 0.239147 
0.243 0.967651 0.240114 
0.244 0.967418 0.241082 
0.245 0.967185 0.242049 
0.246 0.966952 0.243016 
0.247 0.966718 0.243983 
0.248 0.966485 0.24495 
0.249 0.966252 0.245916 
0.25 0.966019 0.246882 
0.251 0.965786 0.247848 
0.252 0.965552 0.248814 
0.253 0.965319 0.249779 
0.254 0.965086 0.250744 
0.255 0.964853 0.251709 
0.256 0.96462 0.252674 
0.257 0.964386 0.253639 
0.258 0.964153 0.254603 
0.259 0.96392 0.255567 
0.26 0.963687 0.256531 
0.261 0.963454 0.257494 
0.262 0.96322 0.258458 
0.263 0.962987 0.259421 
0.264 0.962754 0.260384 
0.265 0.962521 0.261346 
0.266 0.962288 0.262309 
0.267 0.962054 0.263271 
0.268 0.961821 0.264233 
0.269 0.961588 0.265195 
0.27 0.961355 0.266156 
0.271 0.961121 0.267117 
0.272 0.960888 0.268078 
0.273 0.960655 0.269039 
0.274 0.960422 0.27 
0.275 0.960189 0.27096 
0.276 0.959955 0.27192 
0.277 0.959722 0.27288 
0.278 0.959489 0.273839 
0.279 0.959256 0.274799 
0.28 0.959023 0.275758 
0.281 0.958789 0.276717 
0.282 0.958556 0.277675 
0.283 0.958323 0.278634 
0.284 0.95809 0.279592 
0.285 0.957857 0.28055 
0.286 0.957623 0.281508 
0.287 0.95739 0.282465 
0.288 0.957157 0.283423 
0.289 0.956924 0.28438 
0.29 0.956691 0.285336 
0.291 0.956457 0.286293 
0.292 0.956224 0.287249 
0.293 0.955991 0.288205 
0.294 0.955758 0.289161 
0.295 0.955525 0.290117 
0.296 0.955291 0.291072 
0.297 0.955058 0.292028 
0.298 0.954825 0.292983 
0.299 0.954592 0.293937 
0.3 0.954359 0.294892 
0.301 0.954125 0.295846 
0.302 0.953892 0.2968 
0.303 0.953659 0.297754 
0.304 0.953426 0.298707 
0.305 0.953193 0.299661 
0.306 0.952959 0.300614 
0.307 0.952726 0.301566 
0.308 0.952493 0.302519 
0.309 0.95226 0.303471 
0.31 0.952026 0.304424 
0.311 0.951793 0.305376 
0.312 0.95156 0.306327 
0.313 0.951327 0.307279 
0.314 0.951094 0.30823 
0.315 0.950735 0.309181 
0.316 0.950353 0.310131 
0.317 0.949971 0.311081 
0.318 0.949588 0.312031 
0.319 0.949206 0.312981 
0.32 0.948824 0.31393 
0.321 0.948441 0.314878 
0.322 0.948059 0.315827 
0.323 0.947677 0.316774 
0.324 0.947295 0.317722 
0.325 0.946912 0.318669 
0.326 0.94653 0.319616 
0.327 0.946148 0.320562 
0.328 0.945765 0.321508 
0.329 0.945383 0.322454 
0.33 0.945001 0.323399 
0.331 0.944618 0.324344 
0.332 0.944236 0.325288 
0.333 0.943854 0.326232 
0.334 0.943472 0.327176 
0.335 0.943089 0.328119 
0.336 0.942707 0.329062 
0.337 0.942325 0.330004 
0.338 0.941942 0.330947 
0.339 0.94156 0.331888 
0.34 0.941178 0.33283 
0.341 0.940796 0.333771 
0.342 0.940413 0.334711 
0.343 0.940031 0.335652 
0.344 0.939649 0.336591 
0.345 0.939266 0.337531 
0.346 0.938884 0.33847 
0.347 0.938502 0.339409 
0.348 0.93812 0.340347 
0.349 0.937737 0.341285 
0.35 0.937355 0.342222 
0.351 0.936973 0.34316 
0.352 0.93659 0.344096 
0.353 0.936208 0.345033 
0.354 0.935826 0.345969 
0.355 0.935444 0.346904 
0.356 0.935061 0.34784 
0.357 0.934679 0.348774 
0.358 0.934297 0.349709 
0.359 0.933914 0.350643 
0.36 0.933532 0.351577 
0.361 0.93315 0.35251 
0.362 0.932767 0.353443 
0.363 0.932385 0.354376 
0.364 0.932003 0.355308 
0.365 0.931621 0.35624 
0.366 0.931238 0.357171 
0.367 0.930856 0.358102 
0.368 0.930474 0.359033 
0.369 0.930091 0.359963 
0.37 0.929709 0.360893 
0.371 0.929327 0.361823 
0.372 0.928945 0.362752 
0.373 0.928562 0.36368 
0.374 0.92818 0.364609 
0.375 0.927798 0.365537 
0.376 0.927415 0.366464 
0.377 0.927033 0.367392 
0.378 0.926651 0.368318 
0.379 0.926269 0.369245 
0.38 0.925886 0.370171 
0.381 0.925504 0.371097 
0.382 0.925122 0.372022 
0.383 0.924739 0.372947 
0.384 0.924357 0.373871 
0.385 0.923975 0.374796 
0.386 0.923593 0.375719 
0.387 0.92321 0.376643 
0.388 0.922828 0.377566 
0.389 0.922446 0.378488 
0.39 0.922063 0.379411 
0.391 0.921681 0.380333 
0.392 0.921299 0.381254 
0.393 0.920916 0.382175 
0.394 0.920534 0.383096 
0.395 0.920152 0.384016 
0.396 0.91977 0.384936 
0.397 0.919387 0.385856 
0.398 0.919005 0.386775 
0.399 0.918623 0.387694 
0.4 0.91824 0.388612 
0.401 0.917858 0.38953 
0.402 0.917476 0.390448 
0.403 0.917094 0.391365 
0.404 0.916711 0.392282 
0.405 0.916329 0.393199 
0.406 0.915947 0.394115 
0.407 0.915564 0.395031 
0.408 0.915182 0.395946 
0.409 0.9148 0.396861 
0.41 0.914418 0.397776 
0.411 0.914035 0.39869 
0.412 0.913653 0.399604 
0.413 0.913271 0.400517 
0.414 0.912888 0.40143 
0.415 0.912506 0.402343 
0.416 0.912124 0.403255 
0.417 0.911742 0.404167 
0.418 0.911359 0.405079 
0.419 0.910977 0.40599 
0.42 0.910595 0.406901 
0.421 0.910212 0.407811 
0.422 0.90983 0.408721 
0.423 0.909448 0.409631 
0.424 0.909065 0.41054 
0.425 0.908683 0.411449 
0.426 0.908301 0.412357 
0.427 0.907919 0.413265 
0.428 0.907536 0.414173 
0.429 0.907154 0.41508 
0.43 0.906772 0.415987 
0.431 0.906389 0.416894 
0.432 0.906007 0.4178 
0.433 0.905625 0.418706 
0.434 0.905243 0.419611 
0.435 0.90486 0.420517 
0.436 0.904478 0.421421 
0.437 0.904096 0.422325 
0.438 0.903713 0.423229 
0.439 0.903331 0.424133 
0.44 0.902949 0.425036 
0.441 0.902567 0.425939 
0.442 0.902184 0.426841 
0.443 0.901802 0.427743 
0.444 0.90142 0.428645 
0.445 0.901037 0.429546 
0.446 0.900655 0.430447 
0.447 0.900273 0.431347 
0.448 0.899891 0.432247 
0.449 0.899508 0.433147 
0.45 0.899126 0.434046 
0.451 0.898744 0.434945 
0.452 0.898361 0.435844 
0.453 0.897979 0.436742 
0.454 0.897597 0.43764 
0.455 0.897214 0.438537 
0.456 0.896832 0.439434 
0.457 0.89645 0.440331 
0.458 0.896068 0.441227 
0.459 0.895685 0.442123 
0.46 0.895303 0.443019 
0.461 0.894921 0.443914 
0.462 0.894538 0.444808 
0.463 0.894156 0.445703 
0.464 0.893774 0.446597 
0.465 0.893392 0.44749 
0.466 0.893009 0.448383 
0.467 0.892627 0.449276 
0.468 0.892245 0.450169 
0.469 0.891862 0.451061 
0.47 0.89148 0.451952 
0.471 0.891098 0.452844 
0.472 0.890609 0.453735 
0.473 0.890087 0.454625 
0.474 0.889565 0.455515 
0.475 0.889043 0.456404 
0.476 0.888521 0.457293 
0.477 0.887999 0.458181 
0.478 0.887477 0.459069 
0.479 0.886956 0.459956 
0.48 0.886434 0.460843 
0.481 0.885912 0.461729 
0.482 0.88539 0.462615 
0.483 0.884868 0.4635 
0.484 0.884346 0.464384 
0.485 0.883824 0.465268 
0.486 0.883302 0.466152 
0.487 0.88278 0.467035 
0.488 0.882258 0.467918 
0.489 0.881736 0.4688 
0.49 0.881214 0.469681 
0.491 0.880692 0.470562 
0.492 0.88017 0.471442 
0.493 0.879648 0.472322 
0.494 0.879126 0.473202 
0.495 0.878604 0.474081 
0.496 0.878082 0.474959 
0.497 0.87756 0.475837 
0.498 0.877038 0.476714 
0.499 0.876516 0.477591 
0.5 0.875994 0.478467 
0.501 0.875472 0.479343 
0.502 0.87495 0.480218 
0.503 0.874428 0.481093 
0.504 0.873906 0.481967 
0.505 0.873385 0.482841 
0.506 0.872863 0.483714 
0.507 0.872341 0.484586 
0.508 0.871819 0.485458 
0.509 0.871297 0.48633 
0.51 0.870775 0.487201 
0.511 0.870253 0.488071 
0.512 0.869731 0.488941 
0.513 0.869209 0.489811 
0.514 0.868687 0.49068 
0.515 0.868165 0.491548 
0.516 0.867643 0.492416 
0.517 0.867121 0.493284 
0.518 0.866599 0.49415 
0.519 0.866077 0.495017 
0.52 0.865555 0.495883 
0.521 0.865033 0.496748 
0.522 0.864511 0.497613 
0.523 0.863989 0.498477 
0.524 0.863467 0.499341 
0.525 0.862945 0.500204 
0.526 0.862423 0.501067 
0.527 0.861901 0.501929 
0.528 0.861379 0.50279 
0.529 0.860857 0.503651 
0.53 0.860335 0.504512 
0.531 0.859814 0.505372 
0.532 0.859292 0.506232 
0.533 0.85877 0.507091 
0.534 0.858248 0.507949 
0.535 0.857726 0.508807 
0.536 0.857204 0.509665 
0.537 0.856682 0.510522 
0.538 0.85616 0.511378 
0.539 0.855638 0.512234 
0.54 0.855116 0.513089 
0.541 0.854594 0.513944 
0.542 0.854072 0.514798 
0.543 0.85355 0.515652 
0.544 0.853028 0.516506 
0.545 0.852506 0.517358 
0.546 0.851984 0.518211 
0.547 0.851462 0.519062 
0.548 0.85094 0.519914 
0.549 0.850418 0.520764 
0.55 0.849896 0.521614 
0.551 0.849374 0.522464 
0.552 0.848852 0.523313 
0.553 0.84833 0.524162 
0.554 0.847808 0.52501 
0.555 0.847286 0.525857 
0.556 0.846764 0.526704 
0.557 0.846243 0.527551 
0.558 0.845721 0.528397 
0.559 0.845199 0.529242 
0.56 0.844677 0.530087 
0.561 0.844155 0.530932 
0.562 0.843633 0.531776 
0.563 0.843111 0.532619 
0.564 0.842589 0.533462 
0.565 0.842067 0.534304 
0.566 0.841545 0.535146 
0.567 0.841023 0.535987 
0.568 0.840501 0.536828 
0.569 0.839979 0.537668 
0.57 0.839457 0.538508 
0.571 0.838935 0.539347 
0.572 0.838413 0.540186 
0.573 0.837891 0.541024 
0.574 0.837369 0.541862 
0.575 0.836847 0.542699 
0.576 0.836325 0.543535 
0.577 0.835803 0.544371 
0.578 0.835281 0.545207 
0.579 0.834759 0.546042 
0.58 0.834237 0.546876 
0.581 0.833715 0.54771 
0.582 0.833193 0.548544 
0.583 0.832672 0.549377 
0.584 0.83215 0.550209 
0.585 0.831628 0.551041 
0.586 0.831106 0.551872 
0.587 0.830584 0.552703 
0.588 0.830062 0.553534 
0.589 0.82954 0.554363 
0.59 0.829018 0.555193 
0.591 0.828496 0.556021 
0.592 0.827974 0.55685 
0.593 0.827452 0.557677 
0.594 0.82693 0.558505 
0.595 0.826408 0.559331 
0.596 0.825886 0.560157 
0.597 0.825364 0.560983 
0.598 0.824842 0.561808 
0.599 0.82432 0.562633 
0.6 0.823798 0.563457 
0.601 0.823276 0.56428 
0.602 0.822754 0.565103 
0.603 0.822232 0.565926 
0.604 0.82171 0.566748 
0.605 0.821188 0.567569 
0.606 0.820666 0.56839 
0.607 0.820144 0.569211 
0.608 0.819622 0.57003 
0.609 0.819101 0.57085 
0.61 0.818579 0.571669 
0.611 0.818057 0.572487 
0.612 0.817535 0.573305 
0.613 0.817013 0.574122 
0.614 0.816491 0.574939 
0.615 0.815969 0.575755 
0.616 0.815447 0.576571 
0.617 0.814925 0.577386 
0.618 0.814403 0.578201 
0.619 0.813881 0.579015 
0.62 0.813359 0.579828 
0.621 0.812837 0.580641 
0.622 0.812315 0.581454 
0.623 0.811793 0.582266 
0.624 0.811271 0.583078 
0.625 0.810749 0.583889 
0.626 0.810227 0.584699 
0.627 0.809705 0.585509 
0.628 0.809183 0.586318 
0.629 0.808575 0.587127 
0.63 0.807926 0.587936 
0.631 0.807277 0.588743 
0.632 0.806629 0.58955 
0.633 0.80598 0.590356 
0.634 0.805331 0.591162 
0.635 0.804682 0.591967 
0.636 0.804033 0.592771 
0.637 0.803385 0.593575 
0.638 0.802736 0.594378 
0.639 0.802087 0.595181 
0.64 0.801438 0.595982 
0.641 0.80079 0.596784 
0.642 0.800141 0.597584 
0.643 0.799492 0.598384 
0.644 0.798843 0.599183 
0.645 0.798194 0.599981 
0.646 0.797546 0.600779 
0.647 0.796897 0.601577 
0.648 0.796248 0.602373 
0.649 0.795599 0.603169 
0.65 0.79495 0.603964 
0.651 0.794302 0.604759 
0.652 0.793653 0.605553 
0.653 0.793004 0.606346 
0.654 0.792355 0.607139 
0.655 0.791707 0.607931 
0.656 0.791058 0.608722 
0.657 0.790409 0.609513 
0.658 0.78976 0.610303 
0.659 0.789111 0.611093 
0.66 0.788463 0.611881 
0.661 0.787814 0.61267 
0.662 0.787165 0.613457 
0.663 0.786516 0.614244 
0.664 0.785868 0.61503 
0.665 0.785219 0.615816 
0.666 0.78457 0.616601 
0.667 0.783921 0.617385 
0.668 0.783272 0.618168 
0.669 0.782624 0.618951 
0.67 0.781975 0.619734 
0.671 0.781326 0.620515 
0.672 0.780677 0.621296 
0.673 0.780029 0.622077 
0.674 0.77938 0.622856 
0.675 0.778731 0.623635 
0.676 0.778082 0.624414 
0.677 0.777433 0.625192 
0.678 0.776785 0.625969 
0.679 0.776136 0.626745 
0.68 0.775487 0.627521 
0.681 0.774838 0.628296 
0.682 0.77419 0.629071 
0.683 0.773541 0.629844 
0.684 0.772892 0.630618 
0.685 0.772243 0.63139 
0.686 0.771594 0.632162 
0.687 0.770946 0.632933 
0.688 0.770297 0.633704 
0.689 0.769648 0.634474 
0.69 0.768999 0.635243 
0.691 0.76835 0.636012 
0.692 0.767702 0.63678 
0.693 0.767053 0.637547 
0.694 0.766404 0.638314 
0.695 0.765755 0.63908 
0.696 0.765107 0.639846 
0.697 0.764458 0.64061 
0.698 0.763809 0.641375 
0.699 0.76316 0.642138 
0.7 0.762511 0.642901 
0.701 0.761863 0.643663 
0.702 0.761214 0.644425 
0.703 0.760565 0.645186 
0.704 0.759916 0.645946 
0.705 0.759268 0.646705 
0.706 0.758619 0.647464 
0.707 0.75797 0.648223 
0.708 0.757321 0.64898 
0.709 0.756672 0.649737 
0.71 0.756024 0.650494 
0.711 0.755375 0.651249 
0.712 0.754726 0.652004 
0.713 0.754077 0.652759 
0.714 0.753429 0.653512 
0.715 0.75278 0.654266 
0.716 0.752131 0.655018 
0.717 0.751482 0.65577 
0.718 0.750833 0.656521 
0.719 0.750185 0.657272 
0.72 0.749536 0.658021 
0.721 0.748887 0.658771 
0.722 0.748238 0.659519 
0.723 0.747589 0.660267 
0.724 0.746941 0.661014 
0.725 0.746292 0.661761 
0.726 0.745643 0.662507 
0.727 0.744994 0.663252 
0.728 0.744346 0.663997 
0.729 0.743697 0.664741 
0.73 0.743048 0.665484 
0.731 0.742399 0.666227 
0.732 0.74175 0.666969 
0.733 0.741102 0.667711 
0.734 0.740453 0.668451 
0.735 0.739804 0.669191 
0.736 0.739155 0.669931 
0.737 0.738507 0.67067 
0.738 0.737858 0.671408 
0.739 0.737209 0.672145 
0.74 0.73656 0.672882 
0.741 0.735911 0.673619 
0.742 0.735263 0.674354 
0.743 0.734614 0.675089 
0.744 0.733965 0.675823 
0.745 0.733316 0.676557 
0.746 0.732668 0.67729 
0.747 0.732019 0.678022 
0.748 0.73137 0.678754 
0.749 0.730721 0.679485 
0.75 0.730072 0.680216 
0.751 0.729424 0.680945 
0.752 0.728775 0.681674 
0.753 0.728126 0.682403 
0.754 0.727477 0.683131 
0.755 0.726829 0.683858 
0.756 0.72618 0.684584 
0.757 0.725531 0.68531 
0.758 0.724882 0.686035 
0.759 0.724233 0.68676 
0.76 0.723585 0.687484 
0.761 0.722936 0.688207 
0.762 0.722287 0.68893 
0.763 0.721638 0.689652 
0.764 0.720989 0.690373 
0.765 0.720341 0.691094 
0.766 0.719692 0.691814 
0.767 0.719043 0.692533 
0.768 0.718394 0.693252 
0.769 0.717746 0.69397 
0.77 0.717097 0.694687 
0.771 0.716448 0.695404 
0.772 0.715799 0.69612 
0.773 0.71515 0.696836 
0.774 0.714502 0.69755 
0.775 0.713853 0.698265 
0.776 0.713204 0.698978 
0.777 0.712555 0.699691 
0.778 0.711907 0.700403 
0.779 0.711258 0.701115 
0.78 0.710609 0.701826 
0.781 0.70996 0.702536 
0.782 0.709311 0.703246 
0.783 0.708663 0.703955 
0.784 0.708014 0.704663 
0.785 0.707365 0.705371 
0.786 0.70665 0.706078 
0.787 0.70589 0.706784 
0.788 0.70513 0.707489 
0.789 0.704371 0.708194 
0.79 0.703611 0.708898 
0.791 0.702851 0.709601 
0.792 0.702092 0.710304 
0.793 0.701332 0.711006 
0.794 0.700573 0.711707 
0.795 0.699813 0.712407 
0.796 0.699053 0.713106 
0.797 0.698294 0.713805 
0.798 0.697534 0.714503 
0.799 0.696774 0.7152 
0.8 0.696015 0.715896 
0.801 0.695255 0.716592 
0.802 0.694496 0.717287 
0.803 0.693736 0.717981 
0.804 0.692976 0.718674 
0.805 0.692217 0.719367 
0.806 0.691457 0.720059 
0.807 0.690697 0.72075 
0.808 0.689938 0.72144 
0.809 0.689178 0.72213 
0.81 0.688419 0.722818 
0.811 0.687659 0.723507 
0.812 0.686899 0.724194 
0.813 0.68614 0.72488 
0.814 0.68538 0.725566 
0.815 0.684621 0.726251 
0.816 0.683861 0.726935 
0.817 0.683101 0.727619 
0.818 0.682342 0.728302 
0.819 0.681582 0.728983 
0.82 0.680822 0.729665 
0.821 0.680063 0.730345 
0.822 0.679303 0.731025 
0.823 0.678544 0.731704 
0.824 0.677784 0.732382 
0.825 0.677024 0.733059 
0.826 0.676265 0.733736 
0.827 0.675505 0.734412 
0.828 0.674745 0.735087 
0.829 0.673986 0.735761 
0.83 0.673226 0.736435 
0.831 0.672467 0.737108 
0.832 0.671707 0.73778 
0.833 0.670947 0.738451 
0.834 0.670188 0.739122 
0.835 0.669428 0.739792 
0.836 0.668668 0.740461 
0.837 0.667909 0.741129 
0.838 0.667149 0.741796 
0.839 0.66639 0.742463 
0.84 0.66563 0.743129 
0.841 0.66487 0.743794 
0.842 0.664111 0.744459 
0.843 0.663351 0.745123 
0.844 0.662591 0.745786 
0.845 0.661832 0.746448 
0.846 0.661072 0.747109 
0.847 0.660313 0.74777 
0.848 0.659553 0.74843 
0.849 0.658793 0.749089 
0.85 0.658034 0.749748 
0.851 0.657274 0.750405 
0.852 0.656514 0.751062 
0.853 0.655755 0.751718 
0.854 0.654995 0.752374 
0.855 0.654236 0.753028 
0.856 0.653476 0.753682 
0.857 0.652716 0.754335 
0.858 0.651957 0.754988 
0.859 0.651197 0.755639 
0.86 0.650437 0.75629 
0.861 0.649678 0.75694 
0.862 0.648918 0.757589 
0.863 0.648159 0.758238 
0.864 0.647399 0.758886 
0.865 0.646639 0.759533 
0.866 0.64588 0.760179 
0.867 0.64512 0.760824 
0.868 0.64436 0.761469 
0.869 0.643601 0.762113 
0.87 0.642841 0.762756 
0.871 0.642082 0.763399 
0.872 0.641322 0.76404 
0.873 0.640562 0.764681 
0.874 0.639803 0.765322 
0.875 0.639043 0.765961 
0.876 0.638283 0.7666 
0.877 0.637524 0.767238 
0.878 0.636764 0.767875 
0.879 0.636005 0.768511 
0.88 0.635245 0.769147 
0.881 0.634485 0.769782 
0.882 0.633726 0.770416 
0.883 0.632966 0.771049 
0.884 0.632206 0.771682 
0.885 0.631447 0.772313 
0.886 0.630687 0.772945 
0.887 0.629928 0.773575 
0.888 0.629168 0.774204 
0.889 0.628408 0.774833 
0.89 0.627649 0.775461 
0.891 0.626889 0.776088 
0.892 0.626129 0.776715 
0.893 0.62537 0.777341 
0.894 0.62461 0.777966 
0.895 0.623851 0.77859 
0.896 0.623091 0.779213 
0.897 0.622331 0.779836 
0.898 0.621572 0.780458 
0.899 0.620812 0.781079 
0.9 0.620052 0.7817 
0.901 0.619293 0.782319 
0.902 0.618533 0.782938 
0.903 0.617774 0.783556 
0.904 0.617014 0.784174 
0.905 0.616254 0.78479 
0.906 0.615495 0.785406 
0.907 0.614735 0.786021 
0.908 0.613975 0.786636 
0.909 0.613216 0.787249 
0.91 0.612456 0.787862 
0.911 0.611697 0.788474 
0.912 0.610937 0.789086 
0.913 0.610177 0.789696 
0.914 0.609418 0.790306 
0.915 0.608658 0.790915 
0.916 0.607898 0.791523 
0.917 0.607139 0.792131 
0.918 0.606379 0.792738 
0.919 0.60562 0.793344 
0.92 0.60486 0.793949 
0.921 0.6041 0.794553 
0.922 0.603341 0.795157 
0.923 0.602581 0.79576 
0.924 0.601821 0.796362 
0.925 0.601062 0.796964 
0.926 0.600302 0.797564 
0.927 0.599543 0.798164 
0.928 0.598783 0.798763 
0.929 0.598023 0.799362 
0.93 0.597264 0.799959 
0.931 0.596504 0.800556 
0.932 0.595744 0.801152 
0.933 0.594985 0.801748 
0.934 0.594225 0.802342 
0.935 0.593466 0.802936 
0.936 0.592706 0.803529 
0.937 0.591946 0.804122 
0.938 0.591187 0.804713 
0.939 0.590427 0.805304 
0.94 0.589667 0.805894 
0.941 0.588908 0.806483 
0.942 0.588148 0.807072 
0.943 0.58734 0.80766 
0.944 0.586489 0.808247 
0.945 0.585637 0.808833 
0.946 0.584785 0.809418 
0.947 0.583933 0.810002 
0.948 0.583082 0.810586 
0.949 0.58223 0.811168 
0.95 0.581378 0.81175 
0.951 0.580526 0.812331 
0.952 0.579675 0.812911 
0.953 0.578823 0.81349 
0.954 0.577971 0.814069 
0.955 0.577119 0.814646 
0.956 0.576268 0.815223 
0.957 0.575416 0.815799 
0.958 0.574564 0.816374 
0.959 0.573712 0.816948 
0.96 0.57286 0.817521 
0.961 0.572009 0.818094 
0.962 0.571157 0.818665 
0.963 0.570305 0.819236 
0.964 0.569453 0.819806 
0.965 0.568602 0.820375 
0.966 0.56775 0.820943 
0.967 0.566898 0.821511 
0.968 0.566046 0.822077 
0.969 0.565195 0.822643 
0.97 0.564343 0.823207 
0.971 0.563491 0.823771 
0.972 0.562639 0.824334 
0.973 0.561788 0.824897 
0.974 0.560936 0.825458 
0.975 0.560084 0.826018 
0.976 0.559232 0.826578 
0.977 0.55838 0.827137 
0.978 0.557529 0.827695 
0.979 0.556677 0.828252 
0.98 0.555825 0.828808 
0.981 0.554973 0.829364 
0.982 0.554122 0.829918 
0.983 0.55327 0.830472 
0.984 0.552418 0.831025 
0.985 0.551566 0.831577 
0.986 0.550715 0.832128 
0.987 0.549863 0.832678 
0.988 0.549011 0.833228 
0.989 0.548159 0.833776 
0.99 0.547308 0.834324 
0.991 0.546456 0.834871 
0.992 0.545604 0.835417 
0.993 0.544752 0.835962 
0.994 0.543901 0.836506 
0.995 0.543049 0.83705 
0.996 0.542197 0.837592 
0.997 0.541345 0.838134 
0.998 0.540493 0.838675 
0.999 0.539642 0.839215 
1 0.53879 0.839754 
1.001 0.537938 0.840293 
1.002 0.537086 0.84083 
1.003 0.536235 0.841367 
1.004 0.535383 0.841903 
1.005 0.534531 0.842438 
1.006 0.533679 0.842972 
1.007 0.532828 0.843505 
1.008 0.531976 0.844037 
1.009 0.531124 0.844569 
1.01 0.530272 0.8451 
1.011 0.529421 0.84563 
1.012 0.528569 0.846159 
1.013 0.527717 0.846687 
1.014 0.526865 0.847214 
1.015 0.526013 0.84774 
1.016 0.525162 0.848266 
1.017 0.52431 0.848791 
1.018 0.523458 0.849315 
1.019 0.522606 0.849838 
1.02 0.521755 0.85036 
1.021 0.520903 0.850881 
1.022 0.520051 0.851402 
1.023 0.519199 0.851921 
1.024 0.518348 0.85244 
1.025 0.517496 0.852958 
1.026 0.516644 0.853475 
1.027 0.515792 0.853991 
1.028 0.514941 0.854507 
1.029 0.514089 0.855021 
1.03 0.513237 0.855535 
1.031 0.512385 0.856048 
1.032 0.511533 0.85656 
1.033 0.510682 0.857071 
1.034 0.50983 0.857581 
1.035 0.508978 0.85809 
1.036 0.508126 0.858599 
1.037 0.507275 0.859107 
1.038 0.506423 0.859613 
1.039 0.505571 0.860119 
1.04 0.504719 0.860625 
1.041 0.503868 0.861129 
1.042 0.503016 0.861632 
1.043 0.502164 0.862135 
1.044 0.501312 0.862637 
1.045 0.500461 0.863138 
1.046 0.499609 0.863638 
1.047 0.498757 0.864137 
1.048 0.497905 0.864635 
1.049 0.497053 0.865133 
1.05 0.496202 0.865629 
1.051 0.49535 0.866125 
1.052 0.494498 0.86662 
1.053 0.493646 0.867114 
1.054 0.492795 0.867607 
1.055 0.491943 0.8681 
1.056 0.491091 0.868591 
1.057 0.490239 0.869082 
1.058 0.489388 0.869572 
1.059 0.488536 0.87006 
1.06 0.487684 0.870549 
1.061 0.486832 0.871036 
1.062 0.485981 0.871522 
1.063 0.485129 0.872008 
1.064 0.484277 0.872493 
1.065 0.483425 0.872976 
1.066 0.482574 0.873459 
1.067 0.481722 0.873942 
1.068 0.48087 0.874423 
1.069 0.480018 0.874903 
1.07 0.479166 0.875383 
1.071 0.478315 0.875862 
1.072 0.477463 0.876339 
1.073 0.476611 0.876817 
1.074 0.475759 0.877293 
1.075 0.474908 0.877768 
1.076 0.474056 0.878243 
1.077 0.473204 0.878716 
1.078 0.472352 0.879189 
1.079 0.471501 0.879661 
1.08 0.470649 0.880132 
1.081 0.469797 0.880602 
1.082 0.468945 0.881072 
1.083 0.468094 0.88154 
1.084 0.467242 0.882008 
1.085 0.46639 0.882475 
1.086 0.465538 0.88294 
1.087 0.464686 0.883406 
1.088 0.463835 0.88387 
1.089 0.462983 0.884333 
1.09 0.462131 0.884796 
1.091 0.461279 0.885258 
1.092 0.460428 0.885718 
1.093 0.459576 0.886178 
1.094 0.458724 0.886638 
1.095 0.457872 0.887096 
1.096 0.457021 0.887553 
1.097 0.456169 0.88801 
1.098 0.455317 0.888466 
1.099 0.454465 0.888921 
1.1 0.453582 0.889375 
1.101 0.452659 0.889828 
1.102 0.451736 0.89028 
1.103 0.450813 0.890731 
1.104 0.44989 0.891181 
1.105 0.448967 0.891631 
1.106 0.448044 0.892079 
1.107 0.447122 0.892527 
1.108 0.446199 0.892974 
1.109 0.445276 0.893419 
1.11 0.444353 0.893864 
1.111 0.44343 0.894308 
1.112 0.442507 0.894751 
1.113 0.441584 0.895193 
1.114 0.440661 0.895634 
1.115 0.439738 0.896074 
1.116 0.438815 0.896514 
1.117 0.437892 0.896952 
1.118 0.436969 0.89739 
1.119 0.436046 0.897826 
1.12 0.435123 0.898262 
1.121 0.434201 0.898696 
1.122 0.433278 0.89913 
1.123 0.432355 0.899563 
1.124 0.431432 0.899995 
1.125 0.430509 0.900426 
1.126 0.429586 0.900856 
1.127 0.428663 0.901285 
1.128 0.42774 0.901713 
1.129 0.426817 0.90214 
1.13 0.425894 0.902567 
1.131 0.424971 0.902992 
1.132 0.424048 0.903417 
1.133 0.423125 0.90384 
1.134 0.422202 0.904263 
1.135 0.421279 0.904685 
1.136 0.420357 0.905105 
1.137 0.419434 0.905525 
1.138 0.418511 0.905944 
1.139 0.417588 0.906362 
1.14 0.416665 0.906779 
1.141 0.415742 0.907196 
1.142 0.414819 0.907611 
1.143 0.413896 0.908025 
1.144 0.412973 0.908439 
1.145 0.41205 0.908851 
1.146 0.411127 0.909263 
1.147 0.410204 0.909674 
1.148 0.409281 0.910083 
1.149 0.408358 0.910492 
1.15 0.407436 0.9109 
1.151 0.406513 0.911307 
1.152 0.40559 0.911713 
1.153 0.404667 0.912118 
1.154 0.403744 0.912522 
1.155 0.402821 0.912926 
1.156 0.401898 0.913328 
1.157 0.400975 0.913729 
1.158 0.400052 0.91413 
1.159 0.399129 0.91453 
1.16 0.398206 0.914928 
1.161 0.397283 0.915326 
1.162 0.39636 0.915723 
1.163 0.395437 0.916119 
1.164 0.394515 0.916514 
1.165 0.393592 0.916908 
1.166 0.392669 0.917301 
1.167 0.391746 0.917693 
1.168 0.390823 0.918084 
1.169 0.3899 0.918475 
1.17 0.388977 0.918864 
1.171 0.388054 0.919253 
1.172 0.387131 0.91964 
1.173 0.386208 0.920027 
1.174 0.385285 0.920413 
1.175 0.384362 0.920797 
1.176 0.383439 0.921181 
1.177 0.382516 0.921564 
1.178 0.381593 0.921946 
1.179 0.380671 0.922328 
1.18 0.379748 0.922708 
1.181 0.378825 0.923087 
1.182 0.377902 0.923465 
1.183 0.376979 0.923843 
1.184 0.376056 0.924219 
1.185 0.375133 0.924595 
1.186 0.37421 0.92497 
1.187 0.373287 0.925343 
1.188 0.372364 0.925716 
1.189 0.371441 0.926088 
1.19 0.370518 0.926459 
1.191 0.369595 0.926829 
1.192 0.368672 0.927198 
1.193 0.36775 0.927566 
1.194 0.366827 0.927934 
1.195 0.365904 0.9283 
1.196 0.364981 0.928666 
1.197 0.364058 0.92903 
1.198 0.363135 0.929394 
1.199 0.362212 0.929756 
1.2 0.361289 0.930118 
1.201 0.360366 0.930479 
1.202 0.359443 0.930839 
1.203 0.35852 0.931198 
1.204 0.357597 0.931556 
1.205 0.356674 0.931913 
1.206 0.355751 0.932269 
1.207 0.354829 0.932625 
1.208 0.353906 0.932979 
1.209 0.352983 0.933332 
1.21 0.35206 0.933685 
1.211 0.351137 0.934036 
1.212 0.350214 0.934387 
1.213 0.349291 0.934737 
1.214 0.348368 0.935086 
1.215 0.347445 0.935434 
1.216 0.346522 0.935781 
1.217 0.345599 0.936127 
1.218 0.344676 0.936472 
1.219 0.343753 0.936816 
1.22 0.34283 0.937159 
1.221 0.341908 0.937502 
1.222 0.340985 0.937843 
1.223 0.340062 0.938184 
1.224 0.339139 0.938523 
1.225 0.338216 0.938862 
1.226 0.337293 0.9392 
1.227 0.33637 0.939536 
1.228 0.335447 0.939872 
1.229 0.334524 0.940207 
1.23 0.333601 0.940541 
1.231 0.332678 0.940875 
1.232 0.331755 0.941207 
1.233 0.330832 0.941538 
1.234 0.329909 0.941868 
1.235 0.328986 0.942198 
1.236 0.328064 0.942526 
1.237 0.327141 0.942854 
1.238 0.326218 0.943181 
1.239 0.325295 0.943506 
1.24 0.324372 0.943831 
1.241 0.323449 0.944155 
1.242 0.322526 0.944478 
1.243 0.321603 0.9448 
1.244 0.32068 0.945121 
1.245 0.319757 0.945442 
1.246 0.318834 0.945761 
1.247 0.317911 0.946079 
1.248 0.316988 0.946397 
1.249 0.316065 0.946713 
1.25 0.315143 0.947029 
1.251 0.31422 0.947344 
1.252 0.313297 0.947657 
1.253 0.312374 0.94797 
1.254 0.311451 0.948282 
1.255 0.310528 0.948593 
1.256 0.309605 0.948903 
1.257 0.308664 0.949212 
1.258 0.307693 0.94952 
1.259 0.306722 0.949828 
1.26 0.30575 0.950134 
1.261 0.304779 0.950439 
1.262 0.303808 0.950743 
1.263 0.302836 0.951047 
1.264 0.301865 0.951349 
1.265 0.300893 0.951651 
1.266 0.299922 0.951951 
1.267 0.298951 0.95225 
1.268 0.297979 0.952549 
1.269 0.297008 0.952846 
1.27 0.296037 0.953143 
1.271 0.295065 0.953438 
1.272 0.294094 0.953733 
1.273 0.293123 0.954027 
1.274 0.292151 0.954319 
1.275 0.29118 0.954611 
1.276 0.290208 0.954902 
1.277 0.289237 0.955191 
1.278 0.288266 0.95548 
1.279 0.287294 0.955768 
1.28 0.286323 0.956055 
1.281 0.285352 0.95634 
1.282 0.28438 0.956625 
1.283 0.283409 0.956909 
1.284 0.282437 0.957192 
1.285 0.281466 0.957474 
1.286 0.280495 0.957755 
1.287 0.279523 0.958035 
1.288 0.278552 0.958314 
1.289 0.277581 0.958592 
1.29 0.276609 0.958869 
1.291 0.275638 0.959145 
1.292 0.274666 0.959421 
1.293 0.273695 0.959695 
1.294 0.272724 0.959968 
1.295 0.271752 0.96024 
1.296 0.270781 0.960511 
1.297 0.26981 0.960782 
1.298 0.268838 0.961051 
1.299 0.267867 0.961319 
1.3 0.266896 0.961587 
1.301 0.265924 0.961853 
1.302 0.264953 0.962119 
1.303 0.263981 0.962383 
1.304 0.26301 0.962647 
1.305 0.262039 0.962909 
1.306 0.261067 0.963171 
1.307 0.260096 0.963431 
1.308 0.259125 0.963691 
1.309 0.258153 0.96395 
1.31 0.257182 0.964207 
1.311 0.25621 0.964464 
1.312 0.255239 0.96472 
1.313 0.254268 0.964974 
1.314 0.253296 0.965228 
1.315 0.252325 0.965481 
1.316 0.251354 0.965733 
1.317 0.250382 0.965984 
1.318 0.249411 0.966234 
1.319 0.248439 0.966482 
1.32 0.247468 0.96673 
1.321 0.246497 0.966977 
1.322 0.245525 0.967223 
1.323 0.244554 0.967468 
1.324 0.243583 0.967713 
1.325 0.242611 0.967956 
1.326 0.24164 0.968198 
1.327 0.240669 0.968439 
1.328 0.239697 0.968679 
1.329 0.238726 0.968918 
1.33 0.237754 0.969157 
1.331 0.236783 0.969394 
1.332 0.235812 0.96963 
1.333 0.23484 0.969865 
1.334 0.233869 0.9701 
1.335 0.232898 0.970333 
1.336 0.231926 0.970566 
1.337 0.230955 0.970797 
1.338 0.229983 0.971028 
1.339 0.229012 0.971257 
1.34 0.228041 0.971486 
1.341 0.227069 0.971713 
1.342 0.226098 0.97194 
1.343 0.225127 0.972165 
1.344 0.224155 0.97239 
1.345 0.223184 0.972614 
1.346 0.222212 0.972836 
1.347 0.221241 0.973058 
1.348 0.22027 0.973279 
1.349 0.219298 0.973499 
1.35 0.218327 0.973717 
1.351 0.217356 0.973935 
1.352 0.216384 0.974152 
1.353 0.215413 0.974368 
1.354 0.214442 0.974583 
1.355 0.21347 0.974797 
1.356 0.212499 0.97501 
1.357 0.211527 0.975222 
1.358 0.210556 0.975433 
1.359 0.209585 0.975643 
1.36 0.208613 0.975852 
1.361 0.207642 0.97606 
1.362 0.206671 0.976267 
1.363 0.205699 0.976474 
1.364 0.204728 0.976679 
1.365 0.203756 0.976883 
1.366 0.202785 0.977086 
1.367 0.201814 0.977289 
1.368 0.200842 0.97749 
1.369 0.199871 0.97769 
1.37 0.1989 0.97789 
1.371 0.197928 0.978088 
1.372 0.196957 0.978285 
1.373 0.195985 0.978482 
1.374 0.195014 0.978677 
1.375 0.194043 0.978872 
1.376 0.193071 0.979066 
1.377 0.1921 0.979258 
1.378 0.191129 0.97945 
1.379 0.190157 0.97964 
1.38 0.189186 0.97983 
1.381 0.188214 0.980019 
1.382 0.187243 0.980206 
1.383 0.186272 0.980393 
1.384 0.1853 0.980579 
1.385 0.184329 0.980764 
1.386 0.183358 0.980948 
1.387 0.182386 0.981131 
1.388 0.181415 0.981312 
1.389 0.180444 0.981493 
1.39 0.179472 0.981673 
1.391 0.178501 0.981852 
1.392 0.177529 0.98203 
1.393 0.176558 0.982207 
1.394 0.175587 0.982383 
1.395 0.174615 0.982559 
1.396 0.173644 0.982733 
1.397 0.172673 0.982906 
1.398 0.171701 0.983078 
1.399 0.17073 0.983249 
1.4 0.169758 0.98342 
1.401 0.168787 0.983589 
1.402 0.167816 0.983757 
1.403 0.166844 0.983924 
1.404 0.165873 0.984091 
1.405 0.164902 0.984256 
1.406 0.16393 0.984421 
1.407 0.162959 0.984584 
1.408 0.161987 0.984746 
1.409 0.161016 0.984908 
1.41 0.160045 0.985069 
1.411 0.159073 0.985228 
1.412 0.158102 0.985387 
1.413 0.157131 0.985544 
1.414 0.156152 0.985701 
1.415 0.155156 0.985857 
1.416 0.154161 0.986011 
1.417 0.153165 0.986165 
1.418 0.152169 0.986318 
1.419 0.151173 0.986469 
1.42 0.150177 0.98662 
1.421 0.149181 0.98677 
1.422 0.148185 0.986918 
1.423 0.147189 0.987066 
1.424 0.146193 0.987213 
1.425 0.145198 0.987358 
1.426 0.144202 0.987503 
1.427 0.143206 0.987647 
1.428 0.14221 0.987789 
1.429 0.141214 0.987931 
1.43 0.140218 0.988072 
1.431 0.139222 0.988212 
1.432 0.138226 0.98835 
1.433 0.13723 0.988488 
1.434 0.136234 0.988625 
1.435 0.135239 0.988761 
1.436 0.134243 0.988895 
1.437 0.133247 0.989029 
1.438 0.132251 0.989162 
1.439 0.131255 0.989294 
1.44 0.130259 0.989424 
1.441 0.129263 0.989554 
1.442 0.128267 0.989683 
1.443 0.127271 0.989811 
1.444 0.126276 0.989937 
1.445 0.12528 0.990063 
1.446 0.124284 0.990188 
1.447 0.123288 0.990312 
1.448 0.122292 0.990434 
1.449 0.121296 0.990556 
1.45 0.1203 0.990677 
1.451 0.119304 0.990797 
1.452 0.118308 0.990916 
1.453 0.117313 0.991033 
1.454 0.116317 0.99115 
1.455 0.115321 0.991266 
1.456 0.114325 0.991381 
1.457 0.113329 0.991495 
1.458 0.112333 0.991608 
1.459 0.111337 0.991719 
1.46 0.110341 0.99183 
1.461 0.109345 0.99194 
1.462 0.108349 0.992049 
1.463 0.107354 0.992157 
1.464 0.106358 0.992264 
1.465 0.105362 0.99237 
1.466 0.104366 0.992474 
1.467 0.10337 0.992578 
1.468 0.102374 0.992681 
1.469 0.101378 0.992783 
1.47 0.100382 0.992884 
1.471 0.0993864 0.992984 
1.472 0.0983905 0.993083 
1.473 0.0973947 0.993181 
1.474 0.0963988 0.993277 
1.475 0.0954029 0.993373 
1.476 0.094407 0.993468 
1.477 0.0934111 0.993562 
1.478 0.0924152 0.993655 
1.479 0.0914193 0.993747 
1.48 0.0904234 0.993838 
1.481 0.0894275 0.993928 
1.482 0.0884316 0.994017 
1.483 0.0874357 0.994105 
1.484 0.0864398 0.994192 
1.485 0.0854439 0.994278 
1.486 0.084448 0.994363 
1.487 0.0834522 0.994446 
1.488 0.0824563 0.994529 
1.489 0.0814604 0.994611 
1.49 0.0804645 0.994692 
1.491 0.0794686 0.994772 
1.492 0.0784727 0.994851 
1.493 0.0774768 0.994929 
1.494 0.0764809 0.995006 
1.495 0.075485 0.995082 
1.496 0.0744891 0.995157 
1.497 0.0734932 0.995231 
1.498 0.0724973 0.995304 
1.499 0.0715014 0.995376 
1.5 0.0705055 0.995447 
1.501 0.0695097 0.995517 
1.502 0.0685138 0.995586 
1.503 0.0675179 0.995654 
1.504 0.066522 0.995721 
1.505 0.0655261 0.995787 
1.506 0.0645302 0.995852 
1.507 0.0635343 0.995916 
1.508 0.0625384 0.995979 
1.509 0.0615425 0.996041 
1.51 0.0605466 0.996102 
1.511 0.0595507 0.996163 
1.512 0.0585548 0.996222 
1.513 0.0575589 0.99628 
1.514 0.056563 0.996337 
1.515 0.0555672 0.996393 
1.516 0.0545713 0.996448 
1.517 0.0535754 0.996502 
1.518 0.0525795 0.996555 
1.519 0.0515836 0.996607 
1.52 0.0505877 0.996658 
1.521 0.0495918 0.996708 
1.522 0.0485959 0.996757 
1.523 0.0476 0.996805 
1.524 0.0466041 0.996853 
1.525 0.0456082 0.996899 
1.526 0.0446123 0.996944 
1.527 0.0436164 0.996988 
1.528 0.0426206 0.997031 
1.529 0.0416247 0.997073 
1.53 0.0406288 0.997114 
1.531 0.0396329 0.997154 
1.532 0.038637 0.997193 
1.533 0.0376411 0.997232 
1.534 0.0366452 0.997269 
1.535 0.0356493 0.997305 
1.536 0.0346534 0.99734 
1.537 0.0336575 0.997374 
1.538 0.0326616 0.997407 
1.539 0.0316657 0.99744 
1.54 0.0306698 0.997471 
1.541 0.0296739 0.997501 
1.542 0.0286781 0.99753 
1.543 0.0276822 0.997558 
1.544 0.0266863 0.997585 
1.545 0.0256904 0.997612 
1.546 0.0246945 0.997637 
1.547 0.0236986 0.997661 
1.548 0.0227027 0.997684 
1.549 0.0217068 0.997706 
1.55 0.0207109 0.997728 
1.551 0.019715 0.997748 
1.552 0.0187191 0.997767 
1.553 0.0177232 0.997785 
1.554 0.0167273 0.997803 
1.555 0.0157314 0.997819 
1.556 0.0147356 0.997834 
1.557 0.0137397 0.997848 
1.558 0.0127438 0.997861 
1.559 0.0117479 0.997874 
1.56 0.010752 0.997885 
1.561 0.00975609 0.997895 
1.562 0.0087602 0.997904 
1.563 0.00776431 0.997913 
1.564 0.00676841 0.99792 
1.565 0.00577252 0.997926 
1.566 0.00477663 0.997932 
1.567 0.00378073 0.997936 
1.568 0.00278484 0.997939 
1.569 0.00178895 0.997941 
1.57 0.000793056 0.997943 
1.571 -0.000202837 0.997943 
1.572 -0.00119873 0.997942 
1.573 -0.00219462 0.997941 
1.574 -0.00319051 0.997938 
1.575 -0.00418641 0.997934 
1.576 -0.0051823 0.99793 
1.577 -0.00617819 0.997924 
1.578 -0.00717409 0.997917 
1.579 -0.00816998 0.997909 
1.58 -0.00916587 0.997901 
1.581 -0.0101618 0.997891 
1.582 -0.0111577 0.99788 
1.583 -0.0121535 0.997869 
1.584 -0.0131494 0.997856 
1.585 -0.0141453 0.997843 
1.586 -0.0151412 0.997828 
1.587 -0.0161371 0.997812 
1.588 -0.017133 0.997796 
1.589 -0.0181289 0.997778 
1.59 -0.0191248 0.997759 
1.591 -0.0201207 0.99774 
1.592 -0.0211166 0.997719 
1.593 -0.0221125 0.997697 
1.594 -0.0231084 0.997675 
1.595 -0.0241043 0.997651 
1.596 -0.0251002 0.997627 
1.597 -0.026096 0.997601 
1.598 -0.0270919 0.997574 
1.599 -0.0280878 0.997547 
1.6 -0.0290837 0.997518 
1.601 -0.0300796 0.997489 
1.602 -0.0310755 0.997458 
1.603 -0.0320714 0.997427 
1.604 -0.0330673 0.997394 
1.605 -0.0340632 0.99736 
1.606 -0.0350591 0.997326 
1.607 -0.036055 0.99729 
1.608 -0.0370509 0.997254 
1.609 -0.0380468 0.997216 
1.61 -0.0390427 0.997178 
1.611 -0.0400385 0.997138 
1.612 -0.0410344 0.997098 
1.613 -0.0420303 0.997056 
1.614 -0.0430262 0.997014 
1.615 -0.0440221 0.99697 
1.616 -0.045018 0.996925 
1.617 -0.0460139 0.99688 
1.618 -0.0470098 0.996833 
1.619 -0.0480057 0.996786 
1.62 -0.0490016 0.996737 
1.621 -0.0499975 0.996688 
1.622 -0.0509934 0.996637 
1.623 -0.0519893 0.996586 
1.624 -0.0529852 0.996533 
1.625 -0.053981 0.99648 
1.626 -0.0549769 0.996426 
1.627 -0.0559728 0.99637 
1.628 -0.0569687 0.996314 
1.629 -0.0579646 0.996256 
1.63 -0.0589605 0.996198 
1.631 -0.0599564 0.996138 
1.632 -0.0609523 0.996078 
1.633 -0.0619482 0.996016 
1.634 -0.0629441 0.995954 
1.635 -0.06394 0.99589 
1.636 -0.0649359 0.995826 
1.637 -0.0659318 0.995761 
1.638 -0.0669276 0.995694 
1.639 -0.0679235 0.995627 
1.64 -0.0689194 0.995558 
1.641 -0.0699153 0.995489 
1.642 -0.0709112 0.995418 
1.643 -0.0719071 0.995347 
1.644 -0.072903 0.995275 
1.645 -0.0738989 0.995201 
1.646 -0.0748948 0.995127 
1.647 -0.0758907 0.995051 
1.648 -0.0768866 0.994975 
1.649 -0.0778825 0.994898 
1.65 -0.0788784 0.994819 
1.651 -0.0798743 0.99474 
1.652 -0.0808701 0.99466 
1.653 -0.081866 0.994578 
1.654 -0.0828619 0.994496 
1.655 -0.0838578 0.994412 
1.656 -0.0848537 0.994328 
1.657 -0.0858496 0.994243 
1.658 -0.0868455 0.994156 
1.659 -0.0878414 0.994069 
1.66 -0.0888373 0.993981 
1.661 -0.0898332 0.993891 
1.662 -0.0908291 0.993801 
1.663 -0.091825 0.99371 
1.664 -0.0928209 0.993617 
1.665 -0.0938168 0.993524 
1.666 -0.0948126 0.99343 
1.667 -0.0958085 0.993334 
1.668 -0.0968044 0.993238 
1.669 -0.0978003 0.993141 
1.67 -0.0987962 0.993043 
1.671 -0.0997921 0.992943 
1.672 -0.100788 0.992843 
1.673 -0.101784 0.992742 
1.674 -0.10278 0.992639 
1.675 -0.103776 0.992536 
1.676 -0.104772 0.992432 
1.677 -0.105767 0.992327 
1.678 -0.106763 0.99222 
1.679 -0.107759 0.992113 
1.68 -0.108755 0.992005 
1.681 -0.109751 0.991896 
1.682 -0.110747 0.991785 
1.683 -0.111743 0.991674 
1.684 -0.112739 0.991562 
1.685 -0.113735 0.991449 
1.686 -0.114731 0.991334 
1.687 -0.115726 0.991219 
1.688 -0.116722 0.991103 
1.689 -0.117718 0.990986 
1.69 -0.118714 0.990867 
1.691 -0.11971 0.990748 
1.692 -0.120706 0.990628 
1.693 -0.121702 0.990507 
1.694 -0.122698 0.990385 
1.695 -0.123694 0.990261 
1.696 -0.124689 0.990137 
1.697 -0.125685 0.990012 
1.698 -0.126681 0.989886 
1.699 -0.127677 0.989759 
1.7 -0.128673 0.98963 
1.701 -0.129669 0.989501 
1.702 -0.130665 0.989371 
1.703 -0.131661 0.98924 
1.704 -0.132657 0.989108 
1.705 -0.133652 0.988975 
1.706 -0.134648 0.988841 
1.707 -0.135644 0.988705 
1.708 -0.13664 0.988569 
1.709 -0.137636 0.988432 
1.71 -0.138632 0.988294 
1.711 -0.139628 0.988155 
1.712 -0.140624 0.988015 
1.713 -0.14162 0.987874 
1.714 -0.142615 0.987731 
1.715 -0.143611 0.987588 
1.716 -0.144607 0.987444 
1.717 -0.145603 0.987299 
1.718 -0.146599 0.987153 
1.719 -0.147595 0.987006 
1.72 -0.148591 0.986858 
1.721 -0.149587 0.986709 
1.722 -0.150583 0.986559 
1.723 -0.151579 0.986408 
1.724 -0.152574 0.986256 
1.725 -0.15357 0.986102 
1.726 -0.154566 0.985948 
1.727 -0.155562 0.985793 
1.728 -0.156555 0.985637 
1.729 -0.157526 0.98548 
1.73 -0.158498 0.985322 
1.731 -0.159469 0.985163 
1.732 -0.16044 0.985003 
1.733 -0.161412 0.984842 
1.734 -0.162383 0.98468 
1.735 -0.163355 0.984518 
1.736 -0.164326 0.984354 
1.737 -0.165297 0.984189 
1.738 -0.166269 0.984023 
1.739 -0.16724 0.983856 
1.74 -0.168211 0.983689 
1.741 -0.169183 0.98352 
1.742 -0.170154 0.98335 
1.743 -0.171126 0.98318 
1.744 -0.172097 0.983008 
1.745 -0.173068 0.982835 
1.746 -0.17404 0.982662 
1.747 -0.175011 0.982487 
1.748 -0.175982 0.982312 
1.749 -0.176954 0.982135 
1.75 -0.177925 0.981958 
1.751 -0.178896 0.98178 
1.752 -0.179868 0.9816 
1.753 -0.180839 0.98142 
1.754 -0.181811 0.981238 
1.755 -0.182782 0.981056 
1.756 -0.183753 0.980873 
1.757 -0.184725 0.980689 
1.758 -0.185696 0.980503 
1.759 -0.186667 0.980317 
1.76 -0.187639 0.98013 
1.761 -0.18861 0.979942 
1.762 -0.189582 0.979753 
1.763 -0.190553 0.979563 
1.764 -0.191524 0.979372 
1.765 -0.192496 0.97918 
1.766 -0.193467 0.978987 
1.767 -0.194438 0.978793 
1.768 -0.19541 0.978598 
1.769 -0.196381 0.978402 
1.77 -0.197353 0.978205 
1.771 -0.198324 0.978007 
1.772 -0.199295 0.977809 
1.773 -0.200267 0.977609 
1.774 -0.201238 0.977408 
1.775 -0.202209 0.977206 
1.776 -0.203181 0.977004 
1.777 -0.204152 0.9768 
1.778 -0.205123 0.976595 
1.779 -0.206095 0.97639 
1.78 -0.207066 0.976183 
1.781 -0.208038 0.975976 
1.782 -0.209009 0.975767 
1.783 -0.20998 0.975558 
1.784 -0.210952 0.975347 
1.785 -0.211923 0.975136 
1.786 -0.212894 0.974923 
1.787 -0.213866 0.97471 
1.788 -0.214837 0.974495 
1.789 -0.215809 0.97428 
1.79 -0.21678 0.974064 
1.791 -0.217751 0.973847 
1.792 -0.218723 0.973628 
1.793 -0.219694 0.973409 
1.794 -0.220665 0.973189 
1.795 -0.221637 0.972968 
1.796 -0.222608 0.972746 
1.797 -0.22358 0.972523 
1.798 -0.224551 0.972299 
1.799 -0.225522 0.972073 
1.8 -0.226494 0.971847 
1.801 -0.227465 0.971621 
1.802 -0.228436 0.971393 
1.803 -0.229408 0.971164 
1.804 -0.230379 0.970934 
1.805 -0.23135 0.970703 
1.806 -0.232322 0.970471 
1.807 -0.233293 0.970238 
1.808 -0.234265 0.970004 
1.809 -0.235236 0.96977 
1.81 -0.236207 0.969534 
1.811 -0.237179 0.969297 
1.812 -0.23815 0.96906 
1.813 -0.239121 0.968821 
1.814 -0.240093 0.968581 
1.815 -0.241064 0.968341 
1.816 -0.242036 0.968099 
1.817 -0.243007 0.967857 
1.818 -0.243978 0.967613 
1.819 -0.24495 0.967369 
1.82 -0.245921 0.967123 
1.821 -0.246892 0.966877 
1.822 -0.247864 0.96663 
1.823 -0.248835 0.966381 
1.824 -0.249807 0.966132 
1.825 -0.250778 0.965882 
1.826 -0.251749 0.96563 
1.827 -0.252721 0.965378 
1.828 -0.253692 0.965125 
1.829 -0.254663 0.964871 
1.83 -0.255635 0.964616 
1.831 -0.256606 0.964359 
1.832 -0.257577 0.964102 
1.833 -0.258549 0.963844 
1.834 -0.25952 0.963585 
1.835 -0.260492 0.963325 
1.836 -0.261463 0.963064 
1.837 -0.262434 0.962802 
1.838 -0.263406 0.962539 
1.839 -0.264377 0.962276 
1.84 -0.265348 0.962011 
1.841 -0.26632 0.961745 
1.842 -0.267291 0.961478 
1.843 -0.268263 0.96121 
1.844 -0.269234 0.960941 
1.845 -0.270205 0.960672 
1.846 -0.271177 0.960401 
1.847 -0.272148 0.960129 
1.848 -0.273119 0.959857 
1.849 -0.274091 0.959583 
1.85 -0.275062 0.959309 
1.851 -0.276034 0.959033 
1.852 -0.277005 0.958757 
1.853 -0.277976 0.958479 
1.854 -0.278948 0.958201 
1.855 -0.279919 0.957921 
1.856 -0.28089 0.957641 
1.857 -0.281862 0.957359 
1.858 -0.282833 0.957077 
1.859 -0.283804 0.956794 
1.86 -0.284776 0.956509 
1.861 -0.285747 0.956224 
1.862 -0.286719 0.955938 
1.863 -0.28769 0.955651 
1.864 -0.288661 0.955363 
1.865 -0.289633 0.955073 
1.866 -0.290604 0.954783 
1.867 -0.291575 0.954492 
1.868 -0.292547 0.9542 
1.869 -0.293518 0.953907 
1.87 -0.29449 0.953613 
1.871 -0.295461 0.953318 
1.872 -0.296432 0.953022 
1.873 -0.297404 0.952725 
1.874 -0.298375 0.952427 
1.875 -0.299346 0.952128 
1.876 -0.300318 0.951829 
1.877 -0.301289 0.951528 
1.878 -0.302261 0.951226 
1.879 -0.303232 0.950923 
1.88 -0.304203 0.95062 
1.881 -0.305175 0.950315 
1.882 -0.306146 0.950009 
1.883 -0.307117 0.949703 
1.884 -0.308089 0.949395 
1.885 -0.309058 0.949086 
1.886 -0.309981 0.948777 
1.887 -0.310904 0.948466 
1.888 -0.311827 0.948155 
1.889 -0.31275 0.947843 
1.89 -0.313673 0.94753 
1.891 -0.314596 0.947215 
1.892 -0.315518 0.9469 
1.893 -0.316441 0.946584 
1.894 -0.317364 0.946268 
1.895 -0.318287 0.94595 
1.896 -0.31921 0.945631 
1.897 -0.320133 0.945311 
1.898 -0.321056 0.944991 
1.899 -0.321979 0.944669 
1.9 -0.322902 0.944347 
1.901 -0.323825 0.944023 
1.902 -0.324748 0.943699 
1.903 -0.325671 0.943374 
1.904 -0.326594 0.943048 
1.905 -0.327517 0.942721 
1.906 -0.32844 0.942393 
1.907 -0.329362 0.942064 
1.908 -0.330285 0.941734 
1.909 -0.331208 0.941403 
1.91 -0.332131 0.941072 
1.911 -0.333054 0.940739 
1.912 -0.333977 0.940405 
1.913 -0.3349 0.940071 
1.914 -0.335823 0.939736 
1.915 -0.336746 0.939399 
1.916 -0.337669 0.939062 
1.917 -0.338592 0.938724 
1.918 -0.339515 0.938385 
1.919 -0.340438 0.938045 
1.92 -0.341361 0.937704 
1.921 -0.342283 0.937362 
1.922 -0.343206 0.93702 
1.923 -0.344129 0.936676 
1.924 -0.345052 0.936331 
1.925 -0.345975 0.935986 
1.926 -0.346898 0.935639 
1.927 -0.347821 0.935292 
1.928 -0.348744 0.934944 
1.929 -0.349667 0.934595 
1.93 -0.35059 0.934244 
1.931 -0.351513 0.933893 
1.932 -0.352436 0.933541 
1.933 -0.353359 0.933188 
1.934 -0.354282 0.932835 
1.935 -0.355204 0.93248 
1.936 -0.356127 0.932124 
1.937 -0.35705 0.931768 
1.938 -0.357973 0.93141 
1.939 -0.358896 0.931052 
1.94 -0.359819 0.930692 
1.941 -0.360742 0.930332 
1.942 -0.361665 0.929971 
1.943 -0.362588 0.929609 
1.944 -0.363511 0.929246 
1.945 -0.364434 0.928882 
1.946 -0.365357 0.928517 
1.947 -0.36628 0.928151 
1.948 -0.367203 0.927784 
1.949 -0.368125 0.927417 
1.95 -0.369048 0.927048 
1.951 -0.369971 0.926678 
1.952 -0.370894 0.926308 
1.953 -0.371817 0.925937 
1.954 -0.37274 0.925564 
1.955 -0.373663 0.925191 
1.956 -0.374586 0.924817 
1.957 -0.375509 0.924442 
1.958 -0.376432 0.924066 
1.959 -0.377355 0.923689 
1.96 -0.378278 0.923311 
1.961 -0.379201 0.922933 
1.962 -0.380124 0.922553 
1.963 -0.381047 0.922172 
1.964 -0.381969 0.921791 
1.965 -0.382892 0.921408 
1.966 -0.383815 0.921025 
1.967 -0.384738 0.920641 
1.968 -0.385661 0.920256 
1.969 -0.386584 0.919869 
1.97 -0.387507 0.919482 
1.971 -0.38843 0.919094 
1.972 -0.389353 0.918706 
1.973 -0.390276 0.918316 
1.974 -0.391199 0.917925 
1.975 -0.392122 0.917533 
1.976 -0.393045 0.917141 
1.977 -0.393968 0.916747 
1.978 -0.39489 0.916353 
1.979 -0.395813 0.915958 
1.98 -0.396736 0.915561 
1.981 -0.397659 0.915164 
1.982 -0.398582 0.914766 
1.983 -0.399505 0.914367 
1.984 -0.400428 0.913967 
1.985 -0.401351 0.913566 
1.986 -0.402274 0.913164 
1.987 -0.403197 0.912761 
1.988 -0.40412 0.912358 
1.989 -0.405043 0.911953 
1.99 -0.405966 0.911548 
1.991 -0.406889 0.911141 
1.992 -0.407811 0.910734 
1.993 -0.408734 0.910326 
1.994 -0.409657 0.909916 
1.995 -0.41058 0.909506 
1.996 -0.411503 0.909095 
1.997 -0.412426 0.908683 
1.998 -0.413349 0.90827 
1.999 -0.414272 0.907857 
2 -0.415195 0.907442 
2.001 -0.416118 0.907026 
2.002 -0.417041 0.90661 
2.003 -0.417964 0.906192 
2.004 -0.418887 0.905774 
2.005 -0.41981 0.905354 
2.006 -0.420733 0.904934 
2.007 -0.421655 0.904513 
2.008 -0.422578 0.904091 
2.009 -0.423501 0.903668 
2.01 -0.424424 0.903244 
2.011 -0.425347 0.902819 
2.012 -0.42627 0.902393 
2.013 -0.427193 0.901966 
2.014 -0.428116 0.901539 
2.015 -0.429039 0.90111 
2.016 -0.429962 0.900681 
2.017 -0.430885 0.90025 
2.018 -0.431808 0.899819 
2.019 -0.432731 0.899387 
2.02 -0.433654 0.898953 
2.021 -0.434576 0.898519 
2.022 -0.435499 0.898084 
2.023 -0.436422 0.897648 
2.024 -0.437345 0.897211 
2.025 -0.438268 0.896774 
2.026 -0.439191 0.896335 
2.027 -0.440114 0.895895 
2.028 -0.441037 0.895455 
2.029 -0.44196 0.895013 
2.03 -0.442883 0.894571 
2.031 -0.443806 0.894127 
2.032 -0.444729 0.893683 
2.033 -0.445652 0.893238 
2.034 -0.446575 0.892792 
2.035 -0.447497 0.892345 
2.036 -0.44842 0.891897 
2.037 -0.449343 0.891448 
2.038 -0.450266 0.890998 
2.039 -0.451189 0.890547 
2.04 -0.452112 0.890096 
2.041 -0.453035 0.889643 
2.042 -0.453958 0.88919 
2.043 -0.454812 0.888735 
2.044 -0.455664 0.88828 
2.045 -0.456516 0.887824 
2.046 -0.457368 0.887367 
2.047 -0.458219 0.886909 
2.048 -0.459071 0.886451 
2.049 -0.459923 0.885991 
2.05 -0.460775 0.885531 
2.051 -0.461626 0.88507 
2.052 -0.462478 0.884608 
2.053 -0.46333 0.884145 
2.054 -0.464182 0.883681 
2.055 -0.465033 0.883216 
2.056 -0.465885 0.882751 
2.057 -0.466737 0.882284 
2.058 -0.467589 0.881817 
2.059 -0.46844 0.881349 
2.06 -0.469292 0.88088 
2.061 -0.470144 0.880411 
2.062 -0.470996 0.87994 
2.063 -0.471848 0.879469 
2.064 -0.472699 0.878996 
2.065 -0.473551 0.878523 
2.066 -0.474403 0.878049 
2.067 -0.475255 0.877575 
2.068 -0.476106 0.877099 
2.069 -0.476958 0.876622 
2.07 -0.47781 0.876145 
2.071 -0.478662 0.875667 
2.072 -0.479513 0.875188 
2.073 -0.480365 0.874708 
2.074 -0.481217 0.874227 
2.075 -0.482069 0.873745 
2.076 -0.48292 0.873263 
2.077 -0.483772 0.872779 
2.078 -0.484624 0.872295 
2.079 -0.485476 0.87181 
2.08 -0.486328 0.871324 
2.081 -0.487179 0.870837 
2.082 -0.488031 0.87035 
2.083 -0.488883 0.869861 
2.084 -0.489735 0.869372 
2.085 -0.490586 0.868882 
2.086 -0.491438 0.868391 
2.087 -0.49229 0.867899 
2.088 -0.493142 0.867406 
2.089 -0.493993 0.866913 
2.09 -0.494845 0.866418 
2.091 -0.495697 0.865923 
2.092 -0.496549 0.865427 
2.093 -0.4974 0.86493 
2.094 -0.498252 0.864432 
2.095 -0.499104 0.863933 
2.096 -0.499956 0.863434 
2.097 -0.500808 0.862934 
2.098 -0.501659 0.862432 
2.099 -0.502511 0.86193 
2.1 -0.503363 0.861427 
2.101 -0.504215 0.860924 
2.102 -0.505066 0.860419 
2.103 -0.505918 0.859913 
2.104 -0.50677 0.859407 
2.105 -0.507622 0.8589 
2.106 -0.508473 0.858392 
2.107 -0.509325 0.857883 
2.108 -0.510177 0.857373 
2.109 -0.511029 0.856863 
2.11 -0.51188 0.856351 
2.111 -0.512732 0.855839 
2.112 -0.513584 0.855326 
2.113 -0.514436 0.854812 
2.114 -0.515287 0.854297 
2.115 -0.516139 0.853781 
2.116 -0.516991 0.853264 
2.117 -0.517843 0.852747 
2.118 -0.518695 0.852229 
2.119 -0.519546 0.85171 
2.12 -0.520398 0.85119 
2.121 -0.52125 0.850669 
2.122 -0.522102 0.850147 
2.123 -0.522953 0.849625 
2.124 -0.523805 0.849101 
2.125 -0.524657 0.848577 
2.126 -0.525509 0.848052 
2.127 -0.52636 0.847526 
2.128 -0.527212 0.846999 
2.129 -0.528064 0.846472 
2.13 -0.528916 0.845943 
2.131 -0.529767 0.845414 
2.132 -0.530619 0.844884 
2.133 -0.531471 0.844353 
2.134 -0.532323 0.843821 
2.135 -0.533175 0.843288 
2.136 -0.534026 0.842754 
2.137 -0.534878 0.84222 
2.138 -0.53573 0.841685 
2.139 -0.536582 0.841148 
2.14 -0.537433 0.840611 
2.141 -0.538285 0.840074 
2.142 -0.539137 0.839535 
2.143 -0.539989 0.838995 
2.144 -0.54084 0.838455 
2.145 -0.541692 0.837914 
2.146 -0.542544 0.837371 
2.147 -0.543396 0.836829 
2.148 -0.544247 0.836285 
2.149 -0.545099 0.83574 
2.15 -0.545951 0.835194 
2.151 -0.546803 0.834648 
2.152 -0.547655 0.834101 
2.153 -0.548506 0.833553 
2.154 -0.549358 0.833004 
2.155 -0.55021 0.832454 
2.156 -0.551062 0.831903 
2.157 -0.551913 0.831352 
2.158 -0.552765 0.8308 
2.159 -0.553617 0.830246 
2.16 -0.554469 0.829692 
2.161 -0.55532 0.829137 
2.162 -0.556172 0.828582 
2.163 -0.557024 0.828025 
2.164 -0.557876 0.827468 
2.165 -0.558727 0.826909 
2.166 -0.559579 0.82635 
2.167 -0.560431 0.82579 
2.168 -0.561283 0.825229 
2.169 -0.562135 0.824668 
2.17 -0.562986 0.824105 
2.171 -0.563838 0.823542 
2.172 -0.56469 0.822977 
2.173 -0.565542 0.822412 
2.174 -0.566393 0.821846 
2.175 -0.567245 0.82128 
2.176 -0.568097 0.820712 
2.177 -0.568949 0.820143 
2.178 -0.5698 0.819574 
2.179 -0.570652 0.819004 
2.18 -0.571504 0.818433 
2.181 -0.572356 0.817861 
2.182 -0.573207 0.817288 
2.183 -0.574059 0.816714 
2.184 -0.574911 0.81614 
2.185 -0.575763 0.815564 
2.186 -0.576614 0.814988 
2.187 -0.577466 0.814411 
2.188 -0.578318 0.813833 
2.189 -0.57917 0.813255 
2.19 -0.580022 0.812675 
2.191 -0.580873 0.812095 
2.192 -0.581725 0.811513 
2.193 -0.582577 0.810931 
2.194 -0.583429 0.810348 
2.195 -0.58428 0.809764 
2.196 -0.585132 0.80918 
2.197 -0.585984 0.808594 
2.198 -0.586836 0.808008 
2.199 -0.587687 0.80742 
2.2 -0.588458 0.806832 
2.201 -0.589217 0.806243 
2.202 -0.589977 0.805654 
2.203 -0.590737 0.805063 
2.204 -0.591496 0.804472 
2.205 -0.592256 0.80388 
2.206 -0.593015 0.803288 
2.207 -0.593775 0.802694 
2.208 -0.594535 0.8021 
2.209 -0.595294 0.801505 
2.21 -0.596054 0.80091 
2.211 -0.596813 0.800313 
2.212 -0.597573 0.799716 
2.213 -0.598333 0.799118 
2.214 -0.599092 0.798519 
2.215 -0.599852 0.79792 
2.216 -0.600612 0.79732 
2.217 -0.601371 0.796719 
2.218 -0.602131 0.796117 
2.219 -0.60289 0.795514 
2.22 -0.60365 0.794911 
2.221 -0.60441 0.794307 
2.222 -0.605169 0.793702 
2.223 -0.605929 0.793097 
2.224 -0.606689 0.792491 
2.225 -0.607448 0.791883 
2.226 -0.608208 0.791276 
2.227 -0.608967 0.790667 
2.228 -0.609727 0.790058 
2.229 -0.610487 0.789448 
2.23 -0.611246 0.788837 
2.231 -0.612006 0.788225 
2.232 -0.612766 0.787613 
2.233 -0.613525 0.787 
2.234 -0.614285 0.786386 
2.235 -0.615044 0.785771 
2.236 -0.615804 0.785156 
2.237 -0.616564 0.784539 
2.238 -0.617323 0.783922 
2.239 -0.618083 0.783305 
2.24 -0.618843 0.782686 
2.241 -0.619602 0.782067 
2.242 -0.620362 0.781447 
2.243 -0.621121 0.780826 
2.244 -0.621881 0.780205 
2.245 -0.622641 0.779583 
2.246 -0.6234 0.77896 
2.247 -0.62416 0.778336 
2.248 -0.62492 0.777711 
2.249 -0.625679 0.777086 
2.25 -0.626439 0.77646 
2.251 -0.627198 0.775833 
2.252 -0.627958 0.775205 
2.253 -0.628718 0.774577 
2.254 -0.629477 0.773948 
2.255 -0.630237 0.773318 
2.256 -0.630997 0.772688 
2.257 -0.631756 0.772056 
2.258 -0.632516 0.771424 
2.259 -0.633275 0.770791 
2.26 -0.634035 0.770157 
2.261 -0.634795 0.769523 
2.262 -0.635554 0.768888 
2.263 -0.636314 0.768252 
2.264 -0.637074 0.767615 
2.265 -0.637833 0.766978 
2.266 -0.638593 0.76634 
2.267 -0.639352 0.765701 
2.268 -0.640112 0.765061 
2.269 -0.640872 0.76442 
2.27 -0.641631 0.763779 
2.271 -0.642391 0.763137 
2.272 -0.643151 0.762494 
2.273 -0.64391 0.761851 
2.274 -0.64467 0.761207 
2.275 -0.645429 0.760561 
2.276 -0.646189 0.759916 
2.277 -0.646949 0.759269 
2.278 -0.647708 0.758622 
2.279 -0.648468 0.757974 
2.28 -0.649228 0.757325 
2.281 -0.649987 0.756675 
2.282 -0.650747 0.756025 
2.283 -0.651506 0.755374 
2.284 -0.652266 0.754722 
2.285 -0.653026 0.754069 
2.286 -0.653785 0.753416 
2.287 -0.654545 0.752762 
2.288 -0.655305 0.752107 
2.289 -0.656064 0.751451 
2.29 -0.656824 0.750795 
2.291 -0.657583 0.750137 
2.292 -0.658343 0.749479 
2.293 -0.659103 0.748821 
2.294 -0.659862 0.748161 
2.295 -0.660622 0.747501 
2.296 -0.661382 0.74684 
2.297 -0.662141 0.746178 
2.298 -0.662901 0.745516 
2.299 -0.66366 0.744852 
2.3 -0.66442 0.744188 
2.301 -0.66518 0.743524 
2.302 -0.665939 0.742858 
2.303 -0.666699 0.742192 
2.304 -0.667459 0.741525 
2.305 -0.668218 0.740857 
2.306 -0.668978 0.740188 
2.307 -0.669737 0.739519 
2.308 -0.670497 0.738849 
2.309 -0.671257 0.738178 
2.31 -0.672016 0.737506 
2.311 -0.672776 0.736834 
2.312 -0.673536 0.736161 
2.313 -0.674295 0.735487 
2.314 -0.675055 0.734812 
2.315 -0.675814 0.734137 
2.316 -0.676574 0.73346 
2.317 -0.677334 0.732783 
2.318 -0.678093 0.732106 
2.319 -0.678853 0.731427 
2.32 -0.679613 0.730748 
2.321 -0.680372 0.730068 
2.322 -0.681132 0.729387 
2.323 -0.681891 0.728706 
2.324 -0.682651 0.728024 
2.325 -0.683411 0.72734 
2.326 -0.68417 0.726657 
2.327 -0.68493 0.725972 
2.328 -0.68569 0.725287 
2.329 -0.686449 0.724601 
2.33 -0.687209 0.723914 
2.331 -0.687968 0.723226 
2.332 -0.688728 0.722538 
2.333 -0.689488 0.721849 
2.334 -0.690247 0.721159 
2.335 -0.691007 0.720468 
2.336 -0.691767 0.719777 
2.337 -0.692526 0.719085 
2.338 -0.693286 0.718392 
2.339 -0.694045 0.717698 
2.34 -0.694805 0.717004 
2.341 -0.695565 0.716309 
2.342 -0.696324 0.715613 
2.343 -0.697084 0.714916 
2.344 -0.697844 0.714219 
2.345 -0.698603 0.71352 
2.346 -0.699363 0.712821 
2.347 -0.700122 0.712122 
2.348 -0.700882 0.711421 
2.349 -0.701642 0.71072 
2.35 -0.702401 0.710018 
2.351 -0.703161 0.709315 
2.352 -0.703921 0.708612 
2.353 -0.70468 0.707907 
2.354 -0.70544 0.707202 
2.355 -0.706199 0.706496 
2.356 -0.706959 0.70579 
2.357 -0.707629 0.705082 
2.358 -0.708278 0.704375 
2.359 -0.708927 0.703666 
2.36 -0.709576 0.702957 
2.361 -0.710225 0.702247 
2.362 -0.710873 0.701536 
2.363 -0.711522 0.700825 
2.364 -0.712171 0.700113 
2.365 -0.71282 0.699401 
2.366 -0.713468 0.698688 
2.367 -0.714117 0.697974 
2.368 -0.714766 0.697259 
2.369 -0.715415 0.696544 
2.37 -0.716064 0.695828 
2.371 -0.716712 0.695112 
2.372 -0.717361 0.694395 
2.373 -0.71801 0.693677 
2.374 -0.718659 0.692959 
2.375 -0.719307 0.69224 
2.376 -0.719956 0.69152 
2.377 -0.720605 0.6908 
2.378 -0.721254 0.690079 
2.379 -0.721903 0.689358 
2.38 -0.722551 0.688635 
2.381 -0.7232 0.687913 
2.382 -0.723849 0.687189 
2.383 -0.724498 0.686465 
2.384 -0.725146 0.68574 
2.385 -0.725795 0.685015 
2.386 -0.726444 0.684288 
2.387 -0.727093 0.683562 
2.388 -0.727742 0.682834 
2.389 -0.72839 0.682106 
2.39 -0.729039 0.681377 
2.391 -0.729688 0.680648 
2.392 -0.730337 0.679918 
2.393 -0.730985 0.679187 
2.394 -0.731634 0.678456 
2.395 -0.732283 0.677724 
2.396 -0.732932 0.676992 
2.397 -0.733581 0.676258 
2.398 -0.734229 0.675524 
2.399 -0.734878 0.67479 
2.4 -0.735527 0.674055 
2.401 -0.736176 0.673319 
2.402 -0.736825 0.672582 
2.403 -0.737473 0.671845 
2.404 -0.738122 0.671107 
2.405 -0.738771 0.670369 
2.406 -0.73942 0.66963 
2.407 -0.740068 0.66889 
2.408 -0.740717 0.66815 
2.409 -0.741366 0.667409 
2.41 -0.742015 0.666667 
2.411 -0.742664 0.665925 
2.412 -0.743312 0.665182 
2.413 -0.743961 0.664438 
2.414 -0.74461 0.663694 
2.415 -0.745259 0.662949 
2.416 -0.745907 0.662203 
2.417 -0.746556 0.661457 
2.418 -0.747205 0.66071 
2.419 -0.747854 0.659962 
2.42 -0.748503 0.659214 
2.421 -0.749151 0.658465 
2.422 -0.7498 0.657716 
2.423 -0.750449 0.656966 
2.424 -0.751098 0.656215 
2.425 -0.751746 0.655464 
2.426 -0.752395 0.654712 
2.427 -0.753044 0.653959 
2.428 -0.753693 0.653206 
2.429 -0.754342 0.652452 
2.43 -0.75499 0.651697 
2.431 -0.755639 0.650942 
2.432 -0.756288 0.650186 
2.433 -0.756937 0.649429 
2.434 -0.757585 0.648672 
2.435 -0.758234 0.647914 
2.436 -0.758883 0.647155 
2.437 -0.759532 0.646396 
2.438 -0.760181 0.645636 
2.439 -0.760829 0.644876 
2.44 -0.761478 0.644114 
2.441 -0.762127 0.643353 
2.442 -0.762776 0.64259 
2.443 -0.763425 0.641827 
2.444 -0.764073 0.641063 
2.445 -0.764722 0.640299 
2.446 -0.765371 0.639534 
2.447 -0.76602 0.638768 
2.448 -0.766668 0.638002 
2.449 -0.767317 0.637235 
2.45 -0.767966 0.636467 
2.451 -0.768615 0.635699 
2.452 -0.769264 0.63493 
2.453 -0.769912 0.63416 
2.454 -0.770561 0.63339 
2.455 -0.77121 0.632619 
2.456 -0.771859 0.631848 
2.457 -0.772507 0.631076 
2.458 -0.773156 0.630303 
2.459 -0.773805 0.629529 
2.46 -0.774454 0.628755 
2.461 -0.775103 0.62798 
2.462 -0.775751 0.627205 
2.463 -0.7764 0.626429 
2.464 -0.777049 0.625652 
2.465 -0.777698 0.624875 
2.466 -0.778346 0.624097 
2.467 -0.778995 0.623318 
2.468 -0.779644 0.622539 
2.469 -0.780293 0.621759 
2.47 -0.780942 0.620978 
2.471 -0.78159 0.620197 
2.472 -0.782239 0.619415 
2.473 -0.782888 0.618632 
2.474 -0.783537 0.617849 
2.475 -0.784185 0.617065 
2.476 -0.784834 0.616281 
2.477 -0.785483 0.615496 
2.478 -0.786132 0.61471 
2.479 -0.786781 0.613923 
2.48 -0.787429 0.613136 
2.481 -0.788078 0.612349 
2.482 -0.788727 0.61156 
2.483 -0.789376 0.610771 
2.484 -0.790025 0.609981 
2.485 -0.790673 0.609191 
2.486 -0.791322 0.6084 
2.487 -0.791971 0.607608 
2.488 -0.79262 0.606816 
2.489 -0.793268 0.606023 
2.49 -0.793917 0.60523 
2.491 -0.794566 0.604435 
2.492 -0.795215 0.60364 
2.493 -0.795864 0.602845 
2.494 -0.796512 0.602049 
2.495 -0.797161 0.601252 
2.496 -0.79781 0.600454 
2.497 -0.798459 0.599656 
2.498 -0.799107 0.598858 
2.499 -0.799756 0.598058 
2.5 -0.800405 0.597258 
2.501 -0.801054 0.596457 
2.502 -0.801703 0.595656 
2.503 -0.802351 0.594854 
2.504 -0.803 0.594051 
2.505 -0.803649 0.593248 
2.506 -0.804298 0.592444 
2.507 -0.804946 0.591639 
2.508 -0.805595 0.590834 
2.509 -0.806244 0.590028 
2.51 -0.806893 0.589222 
2.511 -0.807542 0.588414 
2.512 -0.80819 0.587606 
2.513 -0.808839 0.586798 
2.514 -0.809396 0.585989 
2.515 -0.809918 0.585179 
2.516 -0.81044 0.584369 
2.517 -0.810962 0.583558 
2.518 -0.811484 0.582747 
2.519 -0.812006 0.581935 
2.52 -0.812528 0.581123 
2.521 -0.81305 0.58031 
2.522 -0.813572 0.579497 
2.523 -0.814094 0.578683 
2.524 -0.814615 0.577869 
2.525 -0.815137 0.577054 
2.526 -0.815659 0.576238 
2.527 -0.816181 0.575423 
2.528 -0.816703 0.574606 
2.529 -0.817225 0.573789 
2.53 -0.817747 0.572972 
2.531 -0.818269 0.572154 
2.532 -0.818791 0.571335 
2.533 -0.819313 0.570516 
2.534 -0.819835 0.569696 
2.535 -0.820357 0.568876 
2.536 -0.820879 0.568056 
2.537 -0.821401 0.567235 
2.538 -0.821923 0.566413 
2.539 -0.822445 0.565591 
2.54 -0.822967 0.564768 
2.541 -0.823489 0.563945 
2.542 -0.824011 0.563121 
2.543 -0.824533 0.562297 
2.544 -0.825055 0.561472 
2.545 -0.825577 0.560647 
2.546 -0.826099 0.559821 
2.547 -0.826621 0.558995 
2.548 -0.827143 0.558168 
2.549 -0.827665 0.55734 
2.55 -0.828186 0.556512 
2.551 -0.828708 0.555684 
2.552 -0.82923 0.554855 
2.553 -0.829752 0.554025 
2.554 -0.830274 0.553195 
2.555 -0.830796 0.552365 
2.556 -0.831318 0.551534 
2.557 -0.83184 0.550702 
2.558 -0.832362 0.54987 
2.559 -0.832884 0.549037 
2.56 -0.833406 0.548204 
2.561 -0.833928 0.547371 
2.562 -0.83445 0.546536 
2.563 -0.834972 0.545702 
2.564 -0.835494 0.544867 
2.565 -0.836016 0.544031 
2.566 -0.836538 0.543195 
2.567 -0.83706 0.542358 
2.568 -0.837582 0.54152 
2.569 -0.838104 0.540683 
2.57 -0.838626 0.539844 
2.571 -0.839148 0.539005 
2.572 -0.83967 0.538166 
2.573 -0.840192 0.537326 
2.574 -0.840714 0.536486 
2.575 -0.841236 0.535645 
2.576 -0.841757 0.534803 
2.577 -0.842279 0.533961 
2.578 -0.842801 0.533118 
2.579 -0.843323 0.532275 
2.58 -0.843845 0.531432 
2.581 -0.844367 0.530588 
2.582 -0.844889 0.529743 
2.583 -0.845411 0.528898 
2.584 -0.845933 0.528052 
2.585 -0.846455 0.527206 
2.586 -0.846977 0.526359 
2.587 -0.847499 0.525512 
2.588 -0.848021 0.524664 
2.589 -0.848543 0.523816 
2.59 -0.849065 0.522967 
2.591 -0.849587 0.522118 
2.592 -0.850109 0.521268 
2.593 -0.850631 0.520418 
2.594 -0.851153 0.519567 
2.595 -0.851675 0.518715 
2.596 -0.852197 0.517863 
2.597 -0.852719 0.517011 
2.598 -0.853241 0.516158 
2.599 -0.853763 0.515305 
2.6 -0.854285 0.514451 
2.601 -0.854807 0.513596 
2.602 -0.855328 0.512741 
2.603 -0.85585 0.511885 
2.604 -0.856372 0.511029 
2.605 -0.856894 0.510173 
2.606 -0.857416 0.509315 
2.607 -0.857938 0.508458 
2.608 -0.85846 0.5076 
2.609 -0.858982 0.506741 
2.61 -0.859504 0.505882 
2.611 -0.860026 0.505022 
2.612 -0.860548 0.504162 
2.613 -0.86107 0.503301 
2.614 -0.861592 0.502439 
2.615 -0.862114 0.501578 
2.616 -0.862636 0.500715 
2.617 -0.863158 0.499852 
2.618 -0.86368 0.498989 
2.619 -0.864202 0.498125 
2.62 -0.864724 0.49726 
2.621 -0.865246 0.496395 
2.622 -0.865768 0.49553 
2.623 -0.86629 0.494664 
2.624 -0.866812 0.493797 
2.625 -0.867334 0.49293 
2.626 -0.867856 0.492063 
2.627 -0.868378 0.491195 
2.628 -0.868899 0.490326 
2.629 -0.869421 0.489457 
2.63 -0.869943 0.488587 
2.631 -0.870465 0.487717 
2.632 -0.870987 0.486846 
2.633 -0.871509 0.485975 
2.634 -0.872031 0.485103 
2.635 -0.872553 0.484231 
2.636 -0.873075 0.483358 
2.637 -0.873597 0.482485 
2.638 -0.874119 0.481611 
2.639 -0.874641 0.480736 
2.64 -0.875163 0.479862 
2.641 -0.875685 0.478986 
2.642 -0.876207 0.47811 
2.643 -0.876729 0.477234 
2.644 -0.877251 0.476357 
2.645 -0.877773 0.475479 
2.646 -0.878295 0.474601 
2.647 -0.878817 0.473723 
2.648 -0.879339 0.472844 
2.649 -0.879861 0.471964 
2.65 -0.880383 0.471084 
2.651 -0.880905 0.470203 
2.652 -0.881427 0.469322 
2.653 -0.881949 0.46844 
2.654 -0.88247 0.467558 
2.655 -0.882992 0.466675 
2.656 -0.883514 0.465792 
2.657 -0.884036 0.464908 
2.658 -0.884558 0.464024 
2.659 -0.88508 0.463139 
2.66 -0.885602 0.462254 
2.661 -0.886124 0.461368 
2.662 -0.886646 0.460482 
2.663 -0.887168 0.459595 
2.664 -0.88769 0.458707 
2.665 -0.888212 0.457819 
2.666 -0.888734 0.456931 
2.667 -0.889256 0.456042 
2.668 -0.889778 0.455152 
2.669 -0.8903 0.454262 
2.67 -0.890822 0.453372 
2.671 -0.891254 0.452481 
2.672 -0.891636 0.451589 
2.673 -0.892018 0.450697 
2.674 -0.8924 0.449805 
2.675 -0.892783 0.448913 
2.676 -0.893165 0.44802 
2.677 -0.893547 0.447126 
2.678 -0.89393 0.446233 
2.679 -0.894312 0.445338 
2.68 -0.894694 0.444444 
2.681 -0.895076 0.443549 
2.682 -0.895459 0.442654 
2.683 -0.895841 0.441758 
2.684 -0.896223 0.440862 
2.685 -0.896606 0.439966 
2.686 -0.896988 0.439069 
2.687 -0.89737 0.438172 
2.688 -0.897753 0.437274 
2.689 -0.898135 0.436376 
2.69 -0.898517 0.435478 
2.691 -0.898899 0.434579 
2.692 -0.899282 0.43368 
2.693 -0.899664 0.432781 
2.694 -0.900046 0.431881 
2.695 -0.900429 0.430981 
2.696 -0.900811 0.43008 
2.697 -0.901193 0.429179 
2.698 -0.901575 0.428278 
2.699 -0.901958 0.427376 
2.7 -0.90234 0.426474 
2.701 -0.902722 0.425571 
2.702 -0.903105 0.424668 
2.703 -0.903487 0.423765 
2.704 -0.903869 0.422861 
2.705 -0.904251 0.421957 
2.706 -0.904634 0.421053 
2.707 -0.905016 0.420148 
2.708 -0.905398 0.419243 
2.709 -0.905781 0.418337 
2.71 -0.906163 0.417431 
2.711 -0.906545 0.416525 
2.712 -0.906927 0.415618 
2.713 -0.90731 0.414711 
2.714 -0.907692 0.413803 
2.715 -0.908074 0.412896 
2.716 -0.908457 0.411987 
2.717 -0.908839 0.411079 
2.718 -0.909221 0.41017 
2.719 -0.909604 0.40926 
2.72 -0.909986 0.40835 
2.721 -0.910368 0.40744 
2.722 -0.91075 0.40653 
2.723 -0.911133 0.405619 
2.724 -0.911515 0.404707 
2.725 -0.911897 0.403796 
2.726 -0.91228 0.402884 
2.727 -0.912662 0.401971 
2.728 -0.913044 0.401058 
2.729 -0.913426 0.400145 
2.73 -0.913809 0.399231 
2.731 -0.914191 0.398317 
2.732 -0.914573 0.397403 
2.733 -0.914956 0.396488 
2.734 -0.915338 0.395573 
2.735 -0.91572 0.394658 
2.736 -0.916102 0.393742 
2.737 -0.916485 0.392825 
2.738 -0.916867 0.391909 
2.739 -0.917249 0.390992 
2.74 -0.917632 0.390074 
2.741 -0.918014 0.389156 
2.742 -0.918396 0.388238 
2.743 -0.918778 0.38732 
2.744 -0.919161 0.386401 
2.745 -0.919543 0.385481 
2.746 -0.919925 0.384562 
2.747 -0.920308 0.383641 
2.748 -0.92069 0.382721 
2.749 -0.921072 0.3818 
2.75 -0.921454 0.380879 
2.751 -0.921837 0.379957 
2.752 -0.922219 0.379035 
2.753 -0.922601 0.378113 
2.754 -0.922984 0.37719 
2.755 -0.923366 0.376267 
2.756 -0.923748 0.375343 
2.757 -0.924131 0.374419 
2.758 -0.924513 0.373495 
2.759 -0.924895 0.37257 
2.76 -0.925277 0.371645 
2.761 -0.92566 0.37072 
2.762 -0.926042 0.369794 
2.763 -0.926424 0.368868 
2.764 -0.926807 0.367941 
2.765 -0.927189 0.367014 
2.766 -0.927571 0.366087 
2.767 -0.927953 0.365159 
2.768 -0.928336 0.364231 
2.769 -0.928718 0.363302 
2.77 -0.9291 0.362373 
2.771 -0.929483 0.361444 
2.772 -0.929865 0.360514 
2.773 -0.930247 0.359584 
2.774 -0.930629 0.358654 
2.775 -0.931012 0.357723 
2.776 -0.931394 0.356792 
2.777 -0.931776 0.35586 
2.778 -0.932159 0.354928 
2.779 -0.932541 0.353996 
2.78 -0.932923 0.353063 
2.781 -0.933305 0.35213 
2.782 -0.933688 0.351197 
2.783 -0.93407 0.350263 
2.784 -0.934452 0.349328 
2.785 -0.934835 0.348394 
2.786 -0.935217 0.347459 
2.787 -0.935599 0.346523 
2.788 -0.935982 0.345587 
2.789 -0.936364 0.344651 
2.79 -0.936746 0.343715 
2.791 -0.937128 0.342778 
2.792 -0.937511 0.341841 
2.793 -0.937893 0.340903 
2.794 -0.938275 0.339965 
2.795 -0.938658 0.339026 
2.796 -0.93904 0.338087 
2.797 -0.939422 0.337148 
2.798 -0.939804 0.336209 
2.799 -0.940187 0.335269 
2.8 -0.940569 0.334328 
2.801 -0.940951 0.333387 
2.802 -0.941334 0.332446 
2.803 -0.941716 0.331505 
2.804 -0.942098 0.330563 
2.805 -0.94248 0.329621 
2.806 -0.942863 0.328678 
2.807 -0.943245 0.327735 
2.808 -0.943627 0.326791 
2.809 -0.94401 0.325848 
2.81 -0.944392 0.324903 
2.811 -0.944774 0.323959 
2.812 -0.945156 0.323014 
2.813 -0.945539 0.322068 
2.814 -0.945921 0.321123 
2.815 -0.946303 0.320177 
2.816 -0.946686 0.31923 
2.817 -0.947068 0.318283 
2.818 -0.94745 0.317336 
2.819 -0.947833 0.316388 
2.82 -0.948215 0.31544 
2.821 -0.948597 0.314492 
2.822 -0.948979 0.313543 
2.823 -0.949362 0.312594 
2.824 -0.949744 0.311644 
2.825 -0.950126 0.310695 
2.826 -0.950509 0.309744 
2.827 -0.950891 0.308793 
2.828 -0.951189 0.307842 
2.829 -0.951422 0.306891 
2.83 -0.951655 0.30594 
2.831 -0.951888 0.304988 
2.832 -0.952121 0.304036 
2.833 -0.952355 0.303084 
2.834 -0.952588 0.302131 
2.835 -0.952821 0.301178 
2.836 -0.953054 0.300225 
2.837 -0.953288 0.299272 
2.838 -0.953521 0.298319 
2.839 -0.953754 0.297365 
2.84 -0.953987 0.296411 
2.841 -0.95422 0.295457 
2.842 -0.954454 0.294503 
2.843 -0.954687 0.293548 
2.844 -0.95492 0.292594 
2.845 -0.955153 0.291639 
2.846 -0.955386 0.290683 
2.847 -0.95562 0.289728 
2.848 -0.955853 0.288772 
2.849 -0.956086 0.287816 
2.85 -0.956319 0.28686 
2.851 -0.956552 0.285903 
2.852 -0.956786 0.284947 
2.853 -0.957019 0.28399 
2.854 -0.957252 0.283033 
2.855 -0.957485 0.282075 
2.856 -0.957718 0.281118 
2.857 -0.957952 0.28016 
2.858 -0.958185 0.279202 
2.859 -0.958418 0.278244 
2.86 -0.958651 0.277285 
2.861 -0.958884 0.276326 
2.862 -0.959118 0.275367 
2.863 -0.959351 0.274408 
2.864 -0.959584 0.273449 
2.865 -0.959817 0.272489 
2.866 -0.96005 0.271529 
2.867 -0.960284 0.270569 
2.868 -0.960517 0.269608 
2.869 -0.96075 0.268648 
2.87 -0.960983 0.267687 
2.871 -0.961216 0.266726 
2.872 -0.96145 0.265764 
2.873 -0.961683 0.264803 
2.874 -0.961916 0.263841 
2.875 -0.962149 0.262879 
2.876 -0.962383 0.261917 
2.877 -0.962616 0.260954 
2.878 -0.962849 0.259991 
2.879 -0.963082 0.259029 
2.88 -0.963315 0.258065 
2.881 -0.963549 0.257102 
2.882 -0.963782 0.256138 
2.883 -0.964015 0.255174 
2.884 -0.964248 0.25421 
2.885 -0.964481 0.253246 
2.886 -0.964715 0.252281 
2.887 -0.964948 0.251316 
2.888 -0.965181 0.250351 
2.889 -0.965414 0.249386 
2.89 -0.965647 0.248421 
2.891 -0.965881 0.247455 
2.892 -0.966114 0.246489 
2.893 -0.966347 0.245523 
2.894 -0.96658 0.244556 
2.895 -0.966813 0.243589 
2.896 -0.967047 0.242622 
2.897 -0.96728 0.241655 
2.898 -0.967513 0.240688 
2.899 -0.967746 0.23972 
2.9 -0.967979 0.238752 
2.901 -0.968213 0.237784 
2.902 -0.968446 0.236816 
2.903 -0.968679 0.235847 
2.904 -0.968912 0.234879 
2.905 -0.969145 0.23391 
2.906 -0.969379 0.23294 
2.907 -0.969612 0.231971 
2.908 -0.969845 0.231001 
2.909 -0.970078 0.230031 
2.91 -0.970311 0.229061 
2.911 -0.970545 0.22809 
2.912 -0.970778 0.22712 
2.913 -0.971011 0.226149 
2.914 -0.971244 0.225178 
2.915 -0.971478 0.224206 
2.916 -0.971711 0.223235 
2.917 -0.971944 0.222263 
2.918 -0.972177 0.221291 
2.919 -0.97241 0.220319 
2.92 -0.972644 0.219346 
2.921 -0.972877 0.218373 
2.922 -0.97311 0.2174 
2.923 -0.973343 0.216427 
2.924 -0.973576 0.215454 
2.925 -0.97381 0.21448 
2.926 -0.974043 0.213506 
2.927 -0.974276 0.212532 
2.928 -0.974509 0.211558 
2.929 -0.974742 0.210583 
2.93 -0.974976 0.209608 
2.931 -0.975209 0.208633 
2.932 -0.975442 0.207658 
2.933 -0.975675 0.206682 
2.934 -0.975908 0.205706 
2.935 -0.976142 0.20473 
2.936 -0.976375 0.203754 
2.937 -0.976608 0.202778 
2.938 -0.976841 0.201801 
2.939 -0.977074 0.200824 
2.94 -0.977308 0.199847 
2.941 -0.977541 0.198869 
2.942 -0.977774 0.197892 
2.943 -0.978007 0.196914 
2.944 -0.97824 0.195936 
2.945 -0.978474 0.194957 
2.946 -0.978707 0.193979 
2.947 -0.97894 0.193 
2.948 -0.979173 0.192021 
2.949 -0.979407 0.191041 
2.95 -0.97964 0.190062 
2.951 -0.979873 0.189082 
2.952 -0.980106 0.188102 
2.953 -0.980339 0.187122 
2.954 -0.980573 0.186141 
2.955 -0.980806 0.185161 
2.956 -0.981039 0.18418 
2.957 -0.981272 0.183199 
2.958 -0.981505 0.182217 
2.959 -0.981739 0.181236 
2.96 -0.981972 0.180254 
2.961 -0.982205 0.179272 
2.962 -0.982438 0.178289 
2.963 -0.982671 0.177307 
2.964 -0.982905 0.176324 
2.965 -0.983138 0.175341 
2.966 -0.983371 0.174358 
2.967 -0.983604 0.173374 
2.968 -0.983837 0.172391 
2.969 -0.984071 0.171407 
2.97 -0.984304 0.170422 
2.971 -0.984537 0.169438 
2.972 -0.98477 0.168453 
2.973 -0.985003 0.167468 
2.974 -0.985237 0.166483 
2.975 -0.98547 0.165498 
2.976 -0.985703 0.164512 
2.977 -0.985936 0.163527 
2.978 -0.986169 0.162541 
2.979 -0.986403 0.161554 
2.98 -0.986636 0.160568 
2.981 -0.986869 0.159581 
2.982 -0.987102 0.158594 
2.983 -0.987335 0.157607 
2.984 -0.987569 0.156619 
