# Matrix A
7.8e-06	0.13	0.76	
0.46	0.53	0.22	
0.047	0.68	0.68	
0.93	0.38	0.52	
0.83	0.035	0.053	
0.53	0.67	0.0077	

# Matrix Q
5.5e-06	0.14	0.76	
0.32	0.33	-0.14	
0.033	0.71	0.27	
0.65	-0.086	0.3	
0.58	-0.41	0.032	
0.37	0.44	-0.48	

# Matrix R
1.4	0.71	0.46	
0	0.93	0.6	
0	0	0.88	

# QR = A 
7.8e-06	0.13	0.76	
0.46	0.53	0.22	
0.047	0.68	0.68	
0.93	0.38	0.52	
0.83	0.035	0.053	
0.53	0.67	0.0077	

# matrix A(n,n)
0.38	0.067	0.42	0.69	0.59	0.93	
0.53	0.092	0.65	0.42	0.7	0.91	
0.26	0.047	0.74	0.33	0.63	0.76	
0.37	0.25	0.98	0.72	0.75	0.65	
0.63	0.88	0.27	0.44	0.77	0.48	
0.27	0.36	0.17	0.49	0.9	0.91	

0.38	0.067	0.42	0.69	0.59	0.93	
0.53	0.092	0.65	0.42	0.7	0.91	
0.26	0.047	0.74	0.33	0.63	0.76	
0.37	0.25	0.98	0.72	0.75	0.65	
0.63	0.88	0.27	0.44	0.77	0.48	
0.27	0.36	0.17	0.49	0.9	0.91	

# Vector b(n)
0.846167
0.762198
0.991037
0.0726859
0.237774
0.0605643

-2.16517
4.48839
2.106
-1.74892
-6.56895
5.98338

0.846167
0.762198
0.991037
0.0726859
0.237774
0.0605643

0.846167
0.762198
0.991037
0.0726859
0.237774
0.0605643

1	1	1	1	1	1	
1	1	1	1	1	1	
1	1	1	1	1	1	
1	1	1	1	1	1	
1	1	1	1	1	1	
1	1	1	1	1	1	

-1.8	-1.2	-2.3	-2.2	-3.1	-3.3	
3.7	2.6	4.9	4.7	6.6	7.1	
1.8	1.2	2.3	2.2	3.1	3.3	
-0.52	-0.36	-0.68	-0.65	-0.91	-0.98	
-2.8	-1.9	-3.6	-3.5	-4.9	-5.2	
4.4	3.1	5.8	5.6	7.8	8.4	

-0.72	-0.72	-0.72	-0.72	-0.72	-0.72	
1.5	1.5	1.5	1.5	1.5	1.5	
0.72	0.72	0.72	0.72	0.72	0.72	
-0.21	-0.21	-0.21	-0.21	-0.21	-0.21	
-1.1	-1.1	-1.1	-1.1	-1.1	-1.1	
1.8	1.8	1.8	1.8	1.8	1.8	

