# Matrix A
   0.00	   0.13	   0.76	
   0.46	   0.53	   0.22	
   0.05	   0.68	   0.68	
   0.93	   0.38	   0.52	
   0.83	   0.03	   0.05	
   0.53	   0.67	   0.01	

# Matrix Q
   0.00	   0.14	   0.76	
   0.32	   0.33	  -0.14	
   0.03	   0.71	   0.27	
   0.65	  -0.09	   0.30	
   0.58	  -0.41	   0.03	
   0.37	   0.44	  -0.48	

# Matrix R
   1.43	   0.71	   0.46	
   0.00	   0.93	   0.60	
   0.00	   0.00	   0.88	

# QR = A 
   0.00	   0.13	   0.76	
   0.46	   0.53	   0.22	
   0.05	   0.68	   0.68	
   0.93	   0.38	   0.52	
   0.83	   0.03	   0.05	
   0.53	   0.67	   0.01	

# matrix A(n,n)
   0.38	   0.07	   0.42	   0.69	   0.59	   0.93	
   0.53	   0.09	   0.65	   0.42	   0.70	   0.91	
   0.26	   0.05	   0.74	   0.33	   0.63	   0.76	
   0.37	   0.25	   0.98	   0.72	   0.75	   0.65	
   0.63	   0.88	   0.27	   0.44	   0.77	   0.48	
   0.27	   0.36	   0.17	   0.49	   0.90	   0.91	

   0.38	   0.07	   0.42	   0.69	   0.59	   0.93	
   0.53	   0.09	   0.65	   0.42	   0.70	   0.91	
   0.26	   0.05	   0.74	   0.33	   0.63	   0.76	
   0.37	   0.25	   0.98	   0.72	   0.75	   0.65	
   0.63	   0.88	   0.27	   0.44	   0.77	   0.48	
   0.27	   0.36	   0.17	   0.49	   0.90	   0.91	

# Vector b(n)
0.846167
0.762198
0.991037
0.0726859
0.237774
0.0605643

-2.16517
4.48839
2.106
-1.74892
-6.56895
5.98338

0.846167
0.762198
0.991037
0.0726859
0.237774
0.0605643

0.846167
0.762198
0.991037
0.0726859
0.237774
0.0605643

matrix times inverse matrix 
   1.00	   0.00	   0.00	   0.00	   0.00	   0.00	
  -0.00	   1.00	  -0.00	  -0.00	  -0.00	  -0.00	
  -0.00	  -0.00	   1.00	  -0.00	  -0.00	  -0.00	
   0.00	   0.00	   0.00	   1.00	   0.00	   0.00	
   0.00	   0.00	   0.00	   0.00	   1.00	   0.00	
  -0.00	  -0.00	  -0.00	  -0.00	  -0.00	   1.00	

inverse matrix 
  -1.51	   5.36	  -4.99	   0.94	  -0.38	  -0.15	
   2.73	  -5.44	   6.04	  -2.47	   2.67	  -2.01	
   0.44	  -1.64	   2.96	  -0.23	   0.63	  -1.44	
   1.21	  -0.32	  -2.57	   1.72	  -0.50	   0.25	
  -4.97	   5.21	  -6.31	   3.36	  -2.37	   3.96	
   3.56	  -4.14	   6.18	  -3.50	   1.56	  -1.84	

