0.1 12.644 0.858
0.145 9.235 0.359
0.211 7.377 0.505
0.307 6.46 0.403
0.447 5.555 0.683
0.649 5.896 0.605
0.944 5.673 0.856
1.372 6.964 0.351
1.995 8.896 1.083
2.9 11.355 1.002


0.0871717 13.6778 13.041 14.3146
0.215455 7.3644 7.15753 7.57126
0.343737 6.05274 5.80974 6.29574
0.47202 5.6648 5.40522 5.92439
0.600303 5.60839 5.3498 5.86698
0.728586 5.7084 5.45805 5.95874
0.856869 5.89456 5.65365 6.13547
0.985152 6.13323 5.89899 6.36747
1.11343 6.40625 6.17318 6.63933
1.24172 6.70299 6.46393 6.94204
1.37 7.01677 6.76414 7.26939
1.49828 7.34321 7.06993 7.6165
1.62657 7.67933 7.37937 7.9793
1.75485 8.02301 7.69154 8.35447
1.88313 8.37268 8.00595 8.73942
2.01141 8.72722 8.32232 9.13212
2.1397 9.08574 8.64043 9.53105
2.26798 9.44757 8.9601 9.93504
2.39626 9.81217 9.28118 10.3432
2.52455 10.1791 9.60352 10.7548
2.65283 10.5481 9.92698 11.1692
2.78111 10.9188 10.2515 11.5862
2.90939 11.291 10.5768 12.0052
